3_6_16 6, 14, 2
2_5_02 3, 11
2_28_10 4, 12
7_29_22 15, 7, 11, 3, 12, 4, 8
6_26_04 5, 13, 1, 9, 2, 10
8_27_22 14, 6, 10, 2, 15, 7, 11, 3
7_18_02 2, 10, 14, 6, 15, 7, 11
1_20_06 8
3_25_10 8, 16, 4
6_28_04 5, 13, 1, 9, 2, 10
6_22_20 12, 4, 8, 16, 9, 1
3_18_12 3, 11, 15
2_9_08 7, 15
5_4_12 7, 15, 3, 11, 12
4_7_06 5, 13, 1, 9
6_31_14 11, 3, 7, 15, 8, 16
5_23_06 5, 13, 1, 9, 14
5_1_10 6, 14, 2, 10, 7
4_23_22 13, 5, 9, 1
5_6_14 9, 1, 5, 13, 6
5_28_00 3, 11, 15, 7, 8
6_9_04 5, 13, 1, 9, 6, 14
7_19_12 7, 15, 3, 11, 16, 8, 12
6_31_10 9, 1, 5, 13, 6, 14
4_23_16 10, 2, 6, 14
1_9_14 10
3_14_16 8, 16, 4
6_19_20 11, 3, 7, 15, 12, 4
6_17_16 9, 1, 5, 13, 10, 2
8_10_14 10, 2, 6, 14, 11, 3, 7, 15
2_6_22 9, 1
2_17_22 12, 4
4_9_08 7, 15, 3, 11
7_6_16 10, 2, 6, 14, 7, 15, 3
7_13_18 13, 5, 9, 1, 10, 2, 6
4_21_14 9, 1, 5, 13
8_8_18 11, 3, 7, 15, 12, 4, 8, 16
4_13_20 14, 6, 10, 2
4_15_22 15, 7, 11, 3
7_13_02 5, 13, 1, 9, 2, 10, 14
6_18_06 4, 12, 16, 8, 1, 9
5_24_12 8, 16, 4, 12, 13
3_10_14 6, 14, 2
6_23_18 11, 3, 7, 15, 12, 4
3_19_00 1, 9, 5
6_29_18 13, 5, 9, 1, 10, 2
3_8_12 4, 12, 8
8_29_16 12, 4, 8, 16, 9, 1, 5, 13
3_11_00 3, 11, 7
8_28_16 11, 3, 7, 15, 12, 4, 8, 16
7_16_00 4, 12, 16, 8, 5, 13, 1
2_29_10 9, 1
5_1_00 1, 9, 13, 5, 2
6_25_02 4, 12, 16, 8, 5, 13
1_29_00 4
5_26_04 5, 13, 1, 9, 2
4_16_16 12, 4, 8, 16
7_23_12 8, 16, 4, 12, 1, 9, 13
6_18_18 10, 2, 6, 14, 7, 15
4_13_08 8, 16, 4, 12
3_7_06 5, 13, 9
3_15_04 6, 14, 10
3_11_04 5, 13, 9
1_16_20 2
6_7_06 5, 13, 1, 9, 6, 14
4_19_04 3, 11, 15, 7
5_6_00 2, 10, 14, 6, 15
7_17_02 2, 10, 14, 6, 3, 11, 15
3_17_10 6, 14, 2
8_25_22 14, 6, 10, 2, 15, 7, 11, 3
7_26_10 8, 16, 4, 12, 5, 13, 1
7_10_14 10, 2, 6, 14, 7, 15, 3
5_23_04 4, 12, 16, 8, 13
6_30_18 13, 5, 9, 1, 6, 14
4_1_20 11, 3, 7, 15
7_31_00 4, 12, 16, 8, 9, 1, 5
8_31_04 6, 14, 2, 10, 3, 11, 15, 7
7_30_22 15, 7, 11, 3, 8, 16, 4
8_31_22 15, 7, 11, 3, 12, 4, 8, 16
1_27_00 11
6_2_20 11, 3, 7, 15, 8, 16
5_5_06 5, 13, 1, 9, 6
8_4_22 12, 4, 8, 16, 13, 5, 9, 1
1_24_12 12
2_11_04 5, 13
6_14_10 9, 1, 5, 13, 2, 10
3_26_22 10, 2, 6
2_26_12 5, 13
1_4_04 7
4_2_12 7, 15, 3, 11
7_5_12 8, 16, 4, 12, 9, 1, 5
6_20_12 7, 15, 3, 11, 4, 12
3_7_22 13, 5, 1
8_11_14 10, 2, 6, 14, 11, 3, 7, 15
3_18_04 15, 7, 11
3_25_00 3, 11, 15
1_11_14 2
4_3_18 10, 2, 6, 14
8_19_22 12, 4, 8, 16, 13, 5, 9, 1
8_13_10 9, 1, 5, 13, 6, 14, 2, 10
1_30_08 4
4_15_12 10, 2, 6, 14
5_11_12 9, 1, 5, 13, 2
2_26_20 9, 1
2_20_22 8, 16
1_18_00 13
1_2_02 14
1_9_02 4
3_30_16 8, 16, 4
6_16_06 7, 15, 3, 11, 16, 8
2_19_16 9, 1
3_5_22 13, 5, 9
4_5_18 11, 3, 7, 15
5_4_14 8, 16, 4, 12, 13
1_19_10 14
7_1_18 10, 2, 6, 14, 11, 3, 7
1_23_10 15
3_4_10 2, 10, 6
3_16_22 11, 3, 15
4_11_06 6, 14, 2, 10
7_6_00 2, 10, 14, 6, 15, 7, 11
2_8_08 2, 10
6_26_06 6, 14, 2, 10, 3, 11
2_27_10 8, 16
8_20_06 4, 12, 16, 8, 5, 13, 1, 9
3_7_08 6, 14, 10
4_29_02 5, 13, 1, 9
1_31_00 12
5_22_10 7, 15, 3, 11, 4
7_19_22 12, 4, 8, 16, 5, 13, 1
1_25_16 11
7_15_20 14, 6, 10, 2, 3, 11, 15
3_14_10 5, 13, 1
7_5_14 9, 1, 5, 13, 10, 2, 6
1_25_10 8
4_27_08 7, 15, 3, 11
7_13_08 8, 16, 4, 12, 5, 13, 1
6_11_02 4, 12, 16, 8, 5, 13
5_20_00 1, 9, 13, 5, 6
1_14_22 11
1_26_08 3
1_7_02 11
7_6_02 3, 11, 15, 7, 16, 8, 12
3_4_20 7, 15, 11
4_2_08 5, 13, 1, 9
5_3_02 2, 10, 14, 6, 11
6_27_16 11, 3, 7, 15, 12, 4
5_22_00 2, 10, 14, 6, 15
5_17_02 2, 10, 14, 6, 3
2_31_14 11, 3
4_9_20 13, 5, 9, 1
1_8_12 12
8_14_14 11, 3, 7, 15, 8, 16, 4, 12
4_29_12 10, 2, 6, 14
3_11_02 4, 12, 8
6_11_04 5, 13, 1, 9, 6, 14
1_19_16 1
6_17_12 7, 15, 3, 11, 8, 16
3_27_20 13, 5, 1
5_10_16 11, 3, 7, 15, 8
2_3_00 1, 9
1_5_02 3
2_26_04 1, 9
8_6_14 9, 1, 5, 13, 10, 2, 6, 14
6_9_10 8, 16, 4, 12, 9, 1
8_12_08 7, 15, 3, 11, 8, 16, 4, 12
7_28_02 4, 12, 16, 8, 9, 1, 5
3_9_16 11, 3, 7
7_15_06 7, 15, 3, 11, 12, 4, 8
1_15_04 14
4_4_04 3, 11, 15, 7
2_3_06 4, 12
2_31_22 15, 7
1_13_20 14
5_6_20 12, 4, 8, 16, 9
6_26_20 13, 5, 9, 1, 10, 2
7_30_12 10, 2, 6, 14, 3, 11, 15
8_16_16 12, 4, 8, 16, 9, 1, 5, 13
6_9_08 7, 15, 3, 11, 8, 16
3_11_20 13, 5, 1
6_11_16 11, 3, 7, 15, 12, 4
3_18_14 4, 12, 16
2_17_14 8, 16
6_22_02 3, 11, 15, 7, 16, 8
1_22_04 16
5_21_16 10, 2, 6, 14, 11
2_31_08 8, 16
4_1_00 1, 9, 13, 5
6_26_10 8, 16, 4, 12, 5, 13
6_6_06 5, 13, 1, 9, 2, 10
7_18_00 1, 9, 13, 5, 14, 6, 10
3_22_16 6, 14, 2
6_2_06 4, 12, 16, 8, 1, 9
4_17_08 5, 13, 1, 9
6_23_10 7, 15, 3, 11, 8, 16
2_24_12 4, 12
8_7_00 2, 10, 14, 6, 3, 11, 15, 7
8_21_00 2, 10, 14, 6, 3, 11, 15, 7
6_3_04 3, 11, 15, 7, 4, 12
8_1_20 11, 3, 7, 15, 12, 4, 8, 16
1_25_22 14
1_25_06 6
2_1_00 1, 9
4_24_12 8, 16, 4, 12
1_26_06 2
5_27_06 6, 14, 2, 10, 15
6_3_08 5, 13, 1, 9, 6, 14
2_30_10 5, 13
2_31_16 12, 4
2_25_18 12, 4
1_16_06 11
8_22_18 11, 3, 7, 15, 12, 4, 8, 16
3_1_14 8, 16, 4
6_18_04 3, 11, 15, 7, 16, 8
5_14_20 14, 6, 10, 2, 7
1_7_16 2
8_12_12 9, 1, 5, 13, 10, 2, 6, 14
7_26_06 6, 14, 2, 10, 3, 11, 15
1_28_20 1
6_15_20 14, 6, 10, 2, 11, 3
3_22_18 7, 15, 3
8_1_18 10, 2, 6, 14, 11, 3, 7, 15
1_3_14 16
7_30_08 8, 16, 4, 12, 1, 9, 13
2_11_06 6, 14
6_13_20 14, 6, 10, 2, 11, 3
2_10_20 9, 1
1_1_08 5
8_12_06 6, 14, 2, 10, 7, 15, 3, 11
1_24_06 9
4_20_08 5, 13, 1, 9
5_1_16 9, 1, 5, 13, 10
5_28_20 13, 5, 9, 1, 2
3_10_04 1, 9, 13
2_2_22 8, 16
6_21_08 6, 14, 2, 10, 7, 15
4_22_00 2, 10, 14, 6
6_1_04 3, 11, 15, 7, 4, 12
2_12_22 10, 2
1_16_10 13
6_8_00 2, 10, 14, 6, 15, 7
4_28_18 12, 4, 8, 16
3_17_08 5, 13, 1
3_10_06 2, 10, 14
3_21_16 10, 2, 6
3_2_20 7, 15, 3
1_15_16 4
1_17_12 7
3_21_18 11, 3, 7
6_19_06 4, 12, 16, 8, 5, 13
3_6_02 15, 7, 11
5_7_16 10, 2, 6, 14, 3
5_30_16 12, 4, 8, 16, 5
7_20_10 6, 14, 2, 10, 11, 3, 7
6_21_00 2, 10, 14, 6, 3, 11
1_24_16 14
4_17_02 2, 10, 14, 6
1_14_12 6
8_16_04 6, 14, 2, 10, 3, 11, 15, 7
1_27_22 6
8_25_06 6, 14, 2, 10, 7, 15, 3, 11
7_21_10 7, 15, 3, 11, 8, 16, 4
2_20_04 15, 7
4_31_20 14, 6, 10, 2
8_3_06 4, 12, 16, 8, 5, 13, 1, 9
3_22_02 15, 7, 11
1_23_18 3
3_30_22 11, 3, 7
8_28_14 10, 2, 6, 14, 11, 3, 7, 15
3_11_22 14, 6, 2
5_12_22 14, 6, 10, 2, 3
7_11_08 7, 15, 3, 11, 16, 8, 12
6_26_18 12, 4, 8, 16, 9, 1
5_22_16 10, 2, 6, 14, 7
2_12_12 5, 13
8_24_08 6, 14, 2, 10, 7, 15, 3, 11
7_7_00 2, 10, 14, 6, 11, 3, 7
8_28_22 14, 6, 10, 2, 15, 7, 11, 3
4_2_02 2, 10, 14, 6
8_20_14 8, 16, 4, 12, 9, 1, 5, 13
1_19_12 15
7_19_10 6, 14, 2, 10, 15, 7, 11
7_9_10 8, 16, 4, 12, 9, 1, 5
4_17_04 3, 11, 15, 7
6_11_10 8, 16, 4, 12, 9, 1
3_2_16 5, 13, 1
5_12_16 11, 3, 7, 15, 16
4_4_02 2, 10, 14, 6
7_2_08 5, 13, 1, 9, 2, 10, 14
2_5_00 2, 10
6_16_08 8, 16, 4, 12, 1, 9
4_22_18 11, 3, 7, 15
8_17_04 3, 11, 15, 7, 4, 12, 16, 8
4_28_14 10, 2, 6, 14
5_30_06 7, 15, 3, 11, 16
1_30_00 16
7_6_22 13, 5, 9, 1, 10, 2, 6
1_12_04 9
7_24_18 11, 3, 7, 15, 16, 8, 12
4_11_18 12, 4, 8, 16
3_5_06 5, 13, 1
6_24_22 13, 5, 9, 1, 10, 2
5_29_16 12, 4, 8, 16, 9
4_7_20 12, 4, 8, 16
3_6_04 16, 8, 12
1_7_12 16
4_25_00 3, 11, 15, 7
3_21_04 4, 12, 16
1_1_12 7
5_7_00 2, 10, 14, 6, 11
4_8_06 5, 13, 1, 9
4_10_10 8, 16, 4, 12
6_5_06 5, 13, 1, 9, 6, 14
3_18_06 16, 8, 12
6_22_16 10, 2, 6, 14, 7, 15
8_22_00 2, 10, 14, 6, 3, 11, 15, 7
7_30_14 11, 3, 7, 15, 4, 12, 16
2_11_20 13, 5
5_29_10 9, 1, 5, 13, 6
3_1_12 7, 15, 3
7_14_12 10, 2, 6, 14, 3, 11, 15
6_14_14 11, 3, 7, 15, 4, 12
8_9_14 10, 2, 6, 14, 11, 3, 7, 15
1_29_12 10
8_27_02 4, 12, 16, 8, 5, 13, 1, 9
5_4_08 5, 13, 1, 9, 10
7_31_04 6, 14, 2, 10, 11, 3, 7
6_28_10 8, 16, 4, 12, 5, 13
2_10_04 1, 9
5_15_16 12, 4, 8, 16, 1
8_5_22 13, 5, 9, 1, 14, 6, 10, 2
3_9_22 14, 6, 10
3_24_16 6, 14, 10
2_6_10 3, 11
2_2_02 14, 6
1_16_02 9
2_6_12 4, 12
8_16_08 8, 16, 4, 12, 5, 13, 1, 9
4_14_06 7, 15, 3, 11
1_19_14 16
3_26_14 6, 14, 2
1_15_20 6
4_1_16 9, 1, 5, 13
3_31_04 6, 14, 10
5_8_00 2, 10, 14, 6, 7
4_30_18 13, 5, 9, 1
7_1_08 5, 13, 1, 9, 6, 14, 2
2_4_10 2, 10
7_30_18 13, 5, 9, 1, 6, 14, 2
4_23_08 6, 14, 2, 10
4_7_04 4, 12, 16, 8
3_8_16 6, 14, 10
8_30_10 9, 1, 5, 13, 6, 14, 2, 10
7_16_08 8, 16, 4, 12, 9, 1, 5
4_24_16 10, 2, 6, 14
6_12_02 4, 12, 16, 8, 1, 9
7_2_22 12, 4, 8, 16, 9, 1, 5
2_2_16 5, 13
4_18_20 11, 3, 7, 15
4_14_20 14, 6, 10, 2
3_5_02 3, 11, 15
8_7_20 12, 4, 8, 16, 13, 5, 9, 1
3_25_18 12, 4, 8
6_14_18 13, 5, 9, 1, 6, 14
8_22_20 12, 4, 8, 16, 13, 5, 9, 1
1_27_06 14
3_2_06 16, 8, 12
6_10_22 14, 6, 10, 2, 11, 3
5_27_02 4, 12, 16, 8, 13
7_1_02 2, 10, 14, 6, 3, 11, 15
8_20_00 1, 9, 13, 5, 2, 10, 14, 6
2_19_08 5, 13
8_17_10 6, 14, 2, 10, 7, 15, 3, 11
1_11_08 15
2_17_00 1, 9
1_1_16 9
6_17_10 6, 14, 2, 10, 7, 15
4_6_00 2, 10, 14, 6
7_15_04 6, 14, 2, 10, 11, 3, 7
8_6_22 13, 5, 9, 1, 14, 6, 10, 2
5_5_20 12, 4, 8, 16, 13
3_16_00 16, 8, 4
1_15_12 2
4_2_22 12, 4, 8, 16
4_24_10 7, 15, 3, 11
8_16_12 10, 2, 6, 14, 7, 15, 3, 11
7_3_10 6, 14, 2, 10, 15, 7, 11
6_11_14 10, 2, 6, 14, 11, 3
7_14_20 14, 6, 10, 2, 7, 15, 3
8_27_20 13, 5, 9, 1, 14, 6, 10, 2
8_30_22 15, 7, 11, 3, 12, 4, 8, 16
5_17_16 9, 1, 5, 13, 10
6_5_22 13, 5, 9, 1, 14, 6
4_21_02 3, 11, 15, 7
7_25_22 14, 6, 10, 2, 15, 7, 11
6_7_22 13, 5, 9, 1, 14, 6
2_23_08 6, 14
8_10_10 8, 16, 4, 12, 9, 1, 5, 13
6_10_00 3, 11, 15, 7, 16, 8
1_22_20 8
3_25_02 4, 12, 16
2_25_22 14, 6
4_4_22 12, 4, 8, 16
1_20_12 11
2_5_08 6, 14
1_31_12 2
5_31_14 11, 3, 7, 15, 16
8_28_08 7, 15, 3, 11, 8, 16, 4, 12
6_6_22 13, 5, 9, 1, 10, 2
2_23_10 7, 15
7_29_18 13, 5, 9, 1, 10, 2, 6
2_14_10 5, 13
3_24_14 5, 13, 9
6_28_18 12, 4, 8, 16, 9, 1
1_6_16 6
6_3_14 8, 16, 4, 12, 9, 1
1_26_04 1
2_16_00 16, 8
7_21_02 3, 11, 15, 7, 4, 12, 16
4_26_16 11, 3, 7, 15
1_8_02 7
3_15_00 4,12, 8
8_29_10 9, 1, 5, 13, 6, 14, 2, 10
6_8_10 7, 15, 3, 11, 4, 12
8_4_18 10, 2, 6, 14, 11, 3, 7, 15
5_10_08 7, 15, 3, 11, 4
7_8_14 9, 1, 5, 13, 14, 6, 10
2_28_08 3, 11
4_1_22 12, 4, 8, 16
8_22_14 9, 1, 5, 13, 10, 2, 6, 14
8_5_02 3, 11, 15, 7, 4, 12, 16, 8
4_31_02 5, 13, 1, 9
4_22_06 5, 13, 1, 9
1_6_00 14
7_5_02 3, 11, 15, 7, 4, 12, 16
7_27_08 7, 15, 3, 11, 16, 8, 12
4_19_02 2, 10, 14, 6
3_18_00 13, 5, 9
3_23_10 7, 15, 11
7_18_18 10, 2, 6, 14, 7, 15, 3
4_8_00 2, 10, 14, 6
7_29_00 4, 12, 16, 8, 1, 9, 13
1_9_16 11
5_16_22 15, 7, 11, 3, 16
1_21_18 11
5_16_00 4, 12, 16, 8, 5
6_13_22 15, 7, 11, 3, 12, 4
6_17_04 3, 11, 15, 7, 4, 12
4_19_08 5, 13, 1, 9
2_16_12 6, 14
7_6_10 7, 15, 3, 11, 4, 12, 16
3_27_14 10, 2, 14
8_6_02 3, 11, 15, 7, 4, 12, 16, 8
4_26_20 13, 5, 9, 1
8_3_20 11, 3, 7, 15, 12, 4, 8, 16
8_28_12 9, 1, 5, 13, 10, 2, 6, 14
8_17_06 4, 12, 16, 8, 5, 13, 1, 9
2_8_16 6, 14
2_18_18 6, 14
8_31_00 4, 12, 16, 8, 1, 9, 13, 5
8_9_12 9, 1, 5, 13, 10, 2, 6, 14
8_21_04 4, 12, 16, 8, 5, 13, 1, 9
1_3_16 1
6_12_22 14, 6, 10, 2, 11, 3
8_20_04 3, 11, 15, 7, 4, 12, 16, 8
7_27_04 5, 13, 1, 9, 14, 6, 10
3_27_02 4, 12, 8
5_6_04 4, 12, 16, 8, 1
1_7_06 13
8_16_10 9, 1, 5, 13, 6, 14, 2, 10
6_24_06 5, 13, 1, 9, 2, 10
6_8_06 5, 13, 1, 9, 2, 10
5_17_12 7, 15, 3, 11, 8
4_16_08 8, 16, 4, 12
7_20_20 11, 3, 7, 15, 16, 8, 12
7_25_14 10, 2, 6, 14, 11, 3, 7
8_23_16 10, 2, 6, 14, 11, 3, 7, 15
8_1_14 8, 16, 4, 12, 9, 1, 5, 13
3_31_20 14, 6, 2
4_2_10 6, 14, 2, 10
3_19_12 7, 15, 11
8_4_00 1, 9, 13, 5, 2, 10, 14, 6
6_3_00 1, 9, 13, 5, 2, 10
2_3_20 11, 3
4_3_00 1, 9, 13, 5
3_30_14 7, 15, 3
7_22_10 7, 15, 3, 11, 4, 12, 16
6_5_10 7, 15, 3, 11, 8, 16
1_7_10 15
6_11_12 9, 1, 5, 13, 10, 2
7_22_00 2, 10, 14, 6, 15, 7, 11
8_9_00 3, 11, 15, 7, 4, 12, 16, 8
1_16_22 3
7_20_18 10, 2, 6, 14, 15, 7, 11
3_29_20 14, 6, 10
8_5_10 7, 15, 3, 11, 8, 16, 4, 12
5_20_22 12, 4, 8, 16, 1
1_30_20 10
8_8_00 2, 10, 14, 6, 3, 11, 15, 7
8_2_04 3, 11, 15, 7, 4, 12, 16, 8
1_12_16 15
5_13_14 11, 3, 7, 15, 8
3_28_18 8, 16, 12
5_29_08 8, 16, 4, 12, 5
8_26_20 13, 5, 9, 1, 14, 6, 10, 2
8_6_16 10, 2, 6, 14, 11, 3, 7, 15
1_29_20 14
2_29_02 5, 13
3_29_04 6, 14, 2
8_12_04 5, 13, 1, 9, 6, 14, 2, 10
8_29_20 14, 6, 10, 2, 11, 3, 7, 15
3_27_00 3, 11, 7
7_25_08 7, 15, 3, 11, 8, 16, 4
5_13_20 14, 6, 10, 2, 11
4_22_22 13, 5, 9, 1
4_29_04 6, 14, 2, 10
1_10_06 2
3_4_06 16, 8, 4
2_26_16 7, 15
5_13_18 13, 5, 9, 1, 10
2_29_12 10, 2
2_30_12 6, 14
1_22_00 14
3_8_08 2, 10, 6
3_8_04 16, 8, 4
7_10_20 13, 5, 9, 1, 10, 2, 6
6_18_16 9, 1, 5, 13, 6, 14
2_11_18 12, 4
7_25_04 5, 13, 1, 9, 6, 14, 2
5_25_20 13, 5, 9, 1, 14
5_17_20 11, 3, 7, 15, 12
6_3_16 9, 1, 5, 13, 10, 2
2_11_22 14, 6
2_1_12 7, 15
4_9_14 10, 2, 6, 14
5_29_02 5, 13, 1, 9, 2
5_22_14 9, 1, 5, 13, 6
6_7_10 7, 15, 3, 11, 8, 16
8_25_02 4, 12, 16, 8, 5, 13, 1, 9
8_3_04 3, 11, 15, 7, 4, 12, 16, 8
3_21_22 13, 5, 9
6_26_16 11, 3, 7, 15, 8, 16
7_28_08 7, 15, 3, 11, 12, 4, 8
5_2_18 10, 2, 6, 14, 7
2_14_20 10, 2
2_24_14 5, 13
6_3_10 6, 14, 2, 10, 7, 15
6_4_10 6, 14, 2, 10, 3, 11
3_18_10 2, 10, 14
2_8_02 15, 7
7_8_22 13, 5, 9, 1, 2, 10, 14
7_10_12 9, 1, 5, 13, 6, 14, 2
2_30_00 16, 8
6_1_14 8, 16, 4, 12, 9, 1
5_21_06 5, 13, 1, 9, 6
4_31_10 9, 1, 5, 13
3_27_18 12, 4, 16
4_19_00 1, 9, 13, 5
7_31_02 5, 13, 1, 9, 10, 2, 6
3_16_16 8, 16, 12
2_27_00 3, 11
5_6_08 6, 14, 2, 10, 3
5_30_20 14, 6, 10, 2, 7
4_29_18 13, 5, 9, 1
2_7_00 2, 10
2_30_14 7, 15
2_10_10 4, 12
4_13_00 4,12, 16, 8
1_19_08 13
7_14_14 11, 3, 7, 15, 4, 12, 16
6_1_08 5, 13, 1, 9, 6, 14
5_15_10 9, 1, 5, 13, 14
5_14_06 7, 15, 3, 11, 16
2_4_18 6, 14
5_7_20 12, 4, 8, 16, 5
2_29_06 7, 15
8_18_20 11, 3, 7, 15, 12, 4, 8, 16
3_13_00 4,12, 16
8_12_14 10, 2, 6, 14, 11, 3, 7, 15
7_29_06 7, 15, 3, 11, 4, 12, 16
7_16_18 13, 5, 9, 1, 14, 6, 10
7_13_06 7, 15, 3, 11, 4, 12, 16
3_26_10 4, 12, 16
5_7_18 11, 3, 7, 15, 4
3_8_14 5, 13, 9
7_20_08 5, 13, 1, 9, 10, 2, 6
4_26_00 3, 11, 15, 7
4_2_14 8, 16, 4, 12
6_9_02 4, 12, 16, 8, 5, 13
1_18_20 7
3_16_18 9, 1, 13
1_15_10 1
6_18_22 12, 4, 8, 16, 9, 1
2_17_12 7, 15
