7_23_18 11, 3, 7, 15, 4, 12, 16
2_2_20 7, 15
6_27_12 9, 1, 5, 13, 10, 2
5_14_20 14, 6, 10, 2, 7
1_23_04 12
3_13_12 10, 2, 6
3_7_02 3, 11, 7
6_26_08 7, 15, 3, 11, 4, 12
5_28_12 9, 1, 5, 13, 14
6_23_22 13, 5, 9, 1, 14, 6
8_10_20 13, 5, 9, 1, 14, 6, 10, 2
6_31_10 9, 1, 5, 13, 6, 14
4_29_14 11, 3, 7, 15
6_5_20 12, 4, 8, 16, 13, 5
5_3_06 4, 12, 16, 8, 13
5_12_00 3, 11, 15, 7, 8
5_4_06 4, 12, 16, 8, 9
5_7_14 9, 1, 5, 13, 2
4_14_00 4,12, 16, 8
1_2_12 3
6_28_02 4, 12, 16, 8, 1, 9
7_25_08 7, 15, 3, 11, 8, 16, 4
5_19_02 2, 10, 14, 6, 11
8_29_06 7, 15, 3, 11, 4, 12, 16, 8
7_10_20 13, 5, 9, 1, 10, 2, 6
3_5_14 9, 1, 5
7_14_00 4, 12, 16, 8, 13, 5, 9
2_3_22 12, 4
7_22_06 5, 13, 1, 9, 2, 10, 14
1_16_10 13
1_25_00 3
6_5_14 9, 1, 5, 13, 10, 2
1_28_20 1
5_22_22 13, 5, 9, 1, 10
5_8_16 10, 2, 6, 14, 15
8_22_08 6, 14, 2, 10, 7, 15, 3, 11
7_1_10 6, 14, 2, 10, 7, 15, 3
2_28_08 3, 11
3_26_12 5, 13, 1
7_22_10 7, 15, 3, 11, 4, 12, 16
8_23_04 4, 12, 16, 8, 5, 13, 1, 9
4_31_10 9, 1, 5, 13
2_9_16 11, 3
2_23_16 10, 2
8_2_22 12, 4, 8, 16, 13, 5, 9, 1
3_3_18 10, 2, 14
1_8_06 9
4_12_20 13, 5, 9, 1
3_25_16 11, 3, 7
8_30_00 4, 12, 16, 8, 1, 9, 13, 5
8_9_20 13, 5, 9, 1, 14, 6, 10, 2
1_16_06 11
7_19_08 5, 13, 1, 9, 14, 6, 10
1_1_02 2
7_20_00 1, 9, 13, 5, 6, 14, 2
6_26_10 8, 16, 4, 12, 5, 13
1_4_22 16
6_31_14 11, 3, 7, 15, 8, 16
5_3_00 1, 9, 13, 5, 10
8_8_12 8, 16, 4, 12, 9, 1, 5, 13
4_26_22 14, 6, 10, 2
3_18_08 1, 9, 13
5_28_10 8, 16, 4, 12, 13
7_7_08 6, 14, 2, 10, 15, 7, 11
2_7_10 7, 15
7_9_02 4, 12, 16, 8, 5, 13, 1
3_31_12 10, 2, 14
8_28_08 7, 15, 3, 11, 8, 16, 4, 12
5_24_18 11, 3, 7, 15, 16
6_13_22 15, 7, 11, 3, 12, 4
6_30_22 15, 7, 11, 3, 8, 16
7_12_18 12, 4, 8, 16, 1, 9, 13
1_2_04 15
6_15_10 9, 1, 5, 13, 6, 14
5_17_10 6, 14, 2, 10, 7
1_25_10 8
1_11_06 14
3_4_22 8, 16, 12
5_14_14 11, 3, 7, 15, 4
6_29_02 5, 13, 1, 9, 2, 10
2_5_08 6, 14
4_22_06 5, 13, 1, 9
2_13_22 15, 7
5_27_06 6, 14, 2, 10, 15
6_4_10 6, 14, 2, 10, 3, 11
4_19_16 9, 1, 5, 13
3_6_20 8, 16, 4
6_8_00 2, 10, 14, 6, 15, 7
2_1_22 12, 4
1_12_16 15
4_27_14 10, 2, 6, 14
8_26_18 12, 4, 8, 16, 13, 5, 9, 1
3_5_12 8, 16, 4
1_26_18 8
1_2_20 7
3_19_02 2, 10, 6
8_26_00 3, 11, 15, 7, 4, 12, 16, 8
6_26_20 13, 5, 9, 1, 10, 2
7_13_16 12, 4, 8, 16, 9, 1, 5
4_27_10 8, 16, 4, 12
1_24_00 6
4_25_20 13, 5, 9, 1
7_4_06 4, 12, 16, 8, 9, 1, 5
8_30_14 11, 3, 7, 15, 8, 16, 4, 12
7_31_06 7, 15, 3, 11, 12, 4, 8
6_25_06 6, 14, 2, 10, 7, 15
6_1_06 4, 12, 16, 8, 5, 13
4_14_14 11, 3, 7, 15
1_20_00 5
3_10_08 3, 11, 15
8_19_22 12, 4, 8, 16, 13, 5, 9, 1
2_7_16 10, 2
1_26_02 16
2_1_00 1, 9
1_30_22 11
6_6_12 8, 16, 4, 12, 5, 13
1_1_22 12
5_8_14 9, 1, 5, 13, 14
8_16_04 6, 14, 2, 10, 3, 11, 15, 7
4_1_04 3, 11, 15, 7
3_18_00 13, 5, 9
3_19_14 8, 16, 12
2_21_10 7, 15
4_13_14 11, 3, 7, 15
8_9_04 5, 13, 1, 9, 6, 14, 2, 10
2_8_02 15, 7
4_5_14 9, 1, 5, 13
2_21_22 13, 5
2_17_20 11, 3
2_19_08 5, 13
8_6_04 4, 12, 16, 8, 5, 13, 1, 9
3_3_06 4, 12, 8
2_21_16 10, 2
4_1_18 10, 2, 6, 14
8_28_00 3, 11, 15, 7, 4, 12, 16, 8
2_5_10 7, 15
4_13_08 8, 16, 4, 12
5_7_02 3, 11, 15, 7, 12
5_24_14 9, 1, 5, 13, 14
4_20_20 11, 3, 7, 15
4_2_00 1, 9, 13, 5
2_21_08 6, 14
4_10_00 3, 11, 15, 7
2_10_00 15, 7
5_15_00 4, 12, 16, 8, 9
3_27_20 13, 5, 1
3_16_22 11, 3, 15
4_26_16 11, 3, 7, 15
1_3_00 9
6_24_20 12, 4, 8, 16, 9, 1
4_13_12 10, 2, 6, 14
3_28_14 6, 14, 10
2_30_18 9, 1
5_4_04 3, 11, 15, 7, 8
3_28_22 10, 2, 14
1_14_02 1
4_6_12 8, 16, 4, 12
8_31_22 15, 7, 11, 3, 12, 4, 8, 16
5_12_06 6, 14, 2, 10, 11
4_12_18 12, 4, 8, 16
5_29_06 7, 15, 3, 11, 4
4_25_06 6, 14, 2, 10
2_28_02 16, 8
5_5_18 11, 3, 7, 15, 12
2_21_12 8, 16
5_18_02 2, 10, 14, 6, 15
4_11_14 10, 2, 6, 14
8_7_08 6, 14, 2, 10, 7, 15, 3, 11
7_3_10 6, 14, 2, 10, 15, 7, 11
4_31_14 11, 3, 7, 15
6_25_00 3, 11, 15, 7, 4, 12
7_27_02 4, 12, 16, 8, 13, 5, 9
6_3_06 4, 12, 16, 8, 5, 13
8_13_16 12, 4, 8, 16, 9, 1, 5, 13
1_17_16 9
2_7_18 11, 3
1_28_02 8
4_25_14 10, 2, 6, 14
8_22_22 13, 5, 9, 1, 14, 6, 10, 2
8_21_22 13, 5, 9, 1, 14, 6, 10, 2
2_30_16 8, 16
6_27_04 5, 13, 1, 9, 6, 14
7_7_18 11, 3, 7, 15, 4, 12, 16
8_12_02 4, 12, 16, 8, 5, 13, 1, 9
7_26_12 9, 1, 5, 13, 6, 14, 2
2_15_22 15, 7
7_5_12 8, 16, 4, 12, 9, 1, 5
7_17_00 1, 9, 13, 5, 2, 10, 14
1_24_18 15
3_9_02 4, 12, 16
2_18_06 16, 8
6_28_08 7, 15, 3, 11, 4, 12
3_8_22 9, 1, 13
2_7_06 5, 13
8_18_04 3, 11, 15, 7, 4, 12, 16, 8
6_17_06 4, 12, 16, 8, 5, 13
7_20_06 4, 12, 16, 8, 9, 1, 5
4_11_04 5, 13, 1, 9
5_18_10 6, 14, 2, 10, 3
4_9_06 6, 14, 2, 10
7_12_10 8, 16, 4, 12, 13, 5, 9
4_1_20 11, 3, 7, 15
6_2_06 4, 12, 16, 8, 1, 9
5_31_14 11, 3, 7, 15, 16
4_23_04 4, 12, 16, 8
5_1_04 3, 11, 15, 7, 4
8_25_04 5, 13, 1, 9, 6, 14, 2, 10
5_8_06 5, 13, 1, 9, 10
5_20_02 2, 10, 14, 6, 7
1_21_02 3
8_18_10 6, 14, 2, 10, 7, 15, 3, 11
1_21_08 6
3_8_16 6, 14, 10
7_13_18 13, 5, 9, 1, 10, 2, 6
2_11_00 3, 11
7_15_22 15, 7, 11, 3, 4, 12, 16
7_6_08 6, 14, 2, 10, 3, 11, 15
6_23_18 11, 3, 7, 15, 12, 4
5_7_04 4, 12, 16, 8, 13
6_7_02 3, 11, 15, 7, 4, 12
7_15_14 11, 3, 7, 15, 16, 8, 12
3_4_02 14, 6, 2
4_12_22 14, 6, 10, 2
7_12_22 14, 6, 10, 2, 3, 11, 15
5_8_12 8, 16, 4, 12, 13
1_13_08 8
4_28_04 5, 13, 1, 9
5_27_14 10, 2, 6, 14, 3
6_24_06 5, 13, 1, 9, 2, 10
8_7_20 12, 4, 8, 16, 13, 5, 9, 1
8_8_14 9, 1, 5, 13, 10, 2, 6, 14
2_29_08 8, 16
3_12_12 5, 13, 9
5_2_08 5, 13, 1, 9, 2
2_15_16 12, 4
8_17_12 7, 15, 3, 11, 8, 16, 4, 12
3_27_06 6, 14, 10
8_24_20 12, 4, 8, 16, 13, 5, 9, 1
8_29_18 13, 5, 9, 1, 10, 2, 6, 14
8_3_12 7, 15, 3, 11, 8, 16, 4, 12
6_7_08 6, 14, 2, 10, 7, 15
4_26_00 3, 11, 15, 7
7_24_14 9, 1, 5, 13, 14, 6, 10
8_17_10 6, 14, 2, 10, 7, 15, 3, 11
7_27_18 12, 4, 8, 16, 5, 13, 1
8_27_02 4, 12, 16, 8, 5, 13, 1, 9
4_23_14 9, 1, 5, 13
1_24_20 16
2_7_08 6, 14
2_22_18 7, 15
3_4_08 1, 9, 5
3_25_00 3, 11, 15
7_12_14 10, 2, 6, 14, 15, 7, 11
5_20_12 7, 15, 3, 11, 12
5_22_20 12, 4, 8, 16, 9
2_5_18 11, 3
5_31_00 4, 12, 16, 8, 9
5_27_16 11, 3, 7, 15, 4
7_15_00 4, 12, 16, 8, 9, 1, 5
6_15_08 8, 16, 4, 12, 5, 13
3_4_06 16, 8, 4
2_23_10 7, 15
4_19_00 1, 9, 13, 5
1_22_20 8
1_8_10 11
7_6_18 11, 3, 7, 15, 8, 16, 4
8_6_06 5, 13, 1, 9, 6, 14, 2, 10
2_25_16 11, 3
2_22_22 9, 1
2_16_04 2, 10
5_17_06 4, 12, 16, 8, 5
8_17_08 5, 13, 1, 9, 6, 14, 2, 10
4_22_12 8, 16, 4, 12
2_30_12 6, 14
7_29_04 6, 14, 2, 10, 3, 11, 15
6_27_20 13, 5, 9, 1, 14, 6
1_10_14 6
2_17_02 2, 10
3_1_06 4, 12, 16
1_25_16 11
2_29_14 11, 3
5_12_22 14, 6, 10, 2, 3
4_8_12 8, 16, 4, 12
3_28_00 15, 7, 3
3_19_04 3, 11, 7
1_24_04 8
7_21_20 12, 4, 8, 16, 13, 5, 9
4_16_14 11, 3, 7, 15
5_2_10 6, 14, 2, 10, 3
3_11_22 14, 6, 2
1_24_12 12
6_13_04 6, 14, 2, 10, 3, 11
5_14_08 8, 16, 4, 12, 1
2_24_00 14, 6
7_13_22 15, 7, 11, 3, 12, 4, 8
4_20_22 12, 4, 8, 16
3_27_00 3, 11, 7
7_19_12 7, 15, 3, 11, 16, 8, 12
2_31_02 5, 13
2_1_10 6, 14
6_19_18 10, 2, 6, 14, 11, 3
5_30_02 5, 13, 1, 9, 14
7_18_02 2, 10, 14, 6, 15, 7, 11
3_21_00 2, 10, 14
2_28_06 2, 10
6_14_00 4, 12, 16, 8, 13, 5
1_6_20 8
2_19_04 3, 11
2_30_04 2, 10
2_12_18 8, 16
4_15_08 8, 16, 12
3_19_08 5, 13, 9
6_2_02 2, 10, 14, 6, 15, 7
6_14_04 6, 14, 2, 10, 15, 7
4_22_22 13, 5, 9, 1
1_14_10 5
6_3_00 1, 9, 13, 5, 2, 10
2_14_10 5, 13
1_9_08 7
1_28_10 12
5_18_18 10, 2, 6, 14, 7
4_23_02 3, 11, 15, 7
6_18_22 12, 4, 8, 16, 9, 1
1_26_20 9
4_14_02 5, 13, 1, 9
7_26_04 5, 13, 1, 9, 2, 10, 14
6_15_20 14, 6, 10, 2, 11, 3
4_13_18 13, 5, 9, 1
5_28_04 5, 13, 1, 9, 10
8_26_02 4, 12, 16, 8, 5, 13, 1, 9
3_9_00 3, 11, 15
2_4_20 7, 15
6_23_12 8, 16, 4, 12, 9, 1
8_15_04 6, 14, 2, 10, 3, 11, 15, 7
8_24_08 6, 14, 2, 10, 7, 15, 3, 11
3_27_12 9, 1, 13
3_23_22 13, 5, 1
6_22_04 4, 12, 16, 8, 1, 9
2_19_16 9, 1
1_3_22 4
5_25_20 13, 5, 9, 1, 14
3_9_20 13, 5, 9
8_20_02 2, 10, 14, 6, 3, 11, 15, 7
3_20_02 14, 6, 2
8_4_18 10, 2, 6, 14, 11, 3, 7, 15
1_4_14 12
8_23_12 8, 16, 4, 12, 9, 1, 5, 13
7_10_04 5, 13, 1, 9, 2, 10, 14
8_21_10 7, 15, 3, 11, 8, 16, 4, 12
4_23_16 10, 2, 6, 14
2_4_02 14, 6
8_2_18 10, 2, 6, 14, 11, 3, 7, 15
7_27_04 5, 13, 1, 9, 14, 6, 10
2_21_14 9, 1
3_29_12 10, 2, 6
6_25_14 10, 2, 6, 14, 11, 3
2_3_18 10, 2
7_14_22 15, 7, 11, 3, 8, 16, 4
4_23_12 8, 16, 4, 12
8_15_22 15, 7, 11, 3, 12, 4, 8, 16
1_4_20 15
8_20_00 1, 9, 13, 5, 2, 10, 14, 6
4_18_14 8, 16, 4, 12
5_28_22 14, 6, 10, 2, 3
7_1_06 4, 12, 16, 8, 5, 13, 1
3_4_20 7, 15, 11
2_13_14 11, 3
8_21_20 12, 4, 8, 16, 13, 5, 9, 1
5_21_12 8, 16, 4, 12, 9
5_6_02 3, 11, 15, 7, 16
3_31_18 13, 5, 1
3_28_04 1, 9, 5
2_22_06 1, 9
1_16_16 16
6_6_10 7, 15, 3, 11, 4, 12
1_1_16 9
5_25_10 8, 16, 4, 12, 9
2_6_00 14, 6
6_2_16 9, 1, 5, 13, 6, 14
3_16_08 4, 12, 8
1_31_06 15
7_25_04 5, 13, 1, 9, 6, 14, 2
4_21_10 7, 15, 3, 11
8_29_20 14, 6, 10, 2, 11, 3, 7, 15
7_22_12 8, 16, 4, 12, 5, 13, 1
1_7_12 16
8_16_12 10, 2, 6, 14, 7, 15, 3, 11
1_3_20 3
7_9_12 9, 1, 5, 13, 10, 2, 6
1_30_14 7
2_31_12 10, 2
5_11_14 10, 2, 6, 14, 3
4_5_10 7, 15, 3, 11
3_19_06 4, 12, 8
8_28_10 8, 16, 4, 12, 9, 1, 5, 13
4_16_08 8, 16, 4, 12
8_23_02 3, 11, 15, 7, 4, 12, 16, 8
6_7_00 2, 10, 14, 6, 3, 11
3_29_18 13, 5, 9
6_21_14 9, 1, 5, 13, 10, 2
2_4_12 3, 11
2_22_20 8, 16
6_29_18 13, 5, 9, 1, 10, 2
5_27_04 5, 13, 1, 9, 14
8_22_10 7, 15, 3, 11, 8, 16, 4, 12
8_5_02 3, 11, 15, 7, 4, 12, 16, 8
2_7_22 13, 5
5_29_08 8, 16, 4, 12, 5
1_17_14 8
2_18_22 8, 16
3_8_00 14, 6, 2
8_15_08 8, 16, 4, 12, 5, 13, 1, 9
8_7_06 5, 13, 1, 9, 6, 14, 2, 10
1_14_04 2
4_22_10 7, 15, 3, 11
8_14_08 8, 16, 4, 12, 5, 13, 1, 9
5_31_20 14, 6, 10, 2, 3
5_28_00 3, 11, 15, 7, 8
5_17_12 7, 15, 3, 11, 8
2_28_12 5, 13
5_14_18 13, 5, 9, 1, 6
3_10_16 7, 15, 3
8_1_10 6, 14, 2, 10, 7, 15, 3, 11
2_12_20 9, 1
8_14_20 14, 6, 10, 2, 11, 3, 7, 15
1_5_02 3
6_8_06 5, 13, 1, 9, 2, 10
3_17_20 11, 3, 7
4_18_16 9, 1, 5, 13
8_30_08 8, 16, 4, 12, 5, 13, 1, 9
1_12_00 7
5_15_16 12, 4, 8, 16, 1
8_9_08 7, 15, 3, 11, 8, 16, 4, 12
4_27_02 4, 12, 16, 8
4_3_14 8, 16, 4, 12
4_17_02 2, 10, 14, 6
3_24_20 8, 16, 12
3_21_20 12, 4, 8
1_30_10 5
6_28_14 10, 2, 6, 14, 7, 15
2_8_16 6, 14
1_21_16 10
3_7_22 13, 5, 1
4_26_14 10, 2, 6, 14
2_22_02 15, 7
1_23_20 4
6_28_10 8, 16, 4, 12, 5, 13
6_8_02 3, 11, 15, 7, 16, 8
3_20_00 13, 5, 1
3_17_22 12, 4, 8
1_4_00 5
2_11_10 8, 16
6_4_12 7, 15, 3, 11, 4, 12
8_1_08 5, 13, 1, 9, 6, 14, 2, 10
7_22_18 11, 3, 7, 15, 8, 16, 4
8_6_08 6, 14, 2, 10, 7, 15, 3, 11
6_1_08 5, 13, 1, 9, 6, 14
5_1_06 4, 12, 16, 8, 5
5_12_20 13, 5, 9, 1, 2
7_20_16 9, 1, 5, 13, 14, 6, 10
1_23_08 14
5_15_20 14, 6, 10, 2, 3
3_20_20 7, 15, 11
4_7_00 2, 10, 14, 6
3_26_04 1, 9, 13
4_23_08 6, 14, 2, 10
2_7_04 4, 12
1_4_12 11
8_7_02 3, 11, 15, 7, 4, 12, 16, 8
3_31_04 6, 14, 10
5_21_10 7, 15, 3, 11, 8
5_22_06 5, 13, 1, 9, 2
8_13_12 10, 2, 6, 14, 7, 15, 3, 11
5_23_04 4, 12, 16, 8, 13
7_8_22 13, 5, 9, 1, 2, 10, 14
5_9_10 8, 16, 4, 12, 9
7_30_12 10, 2, 6, 14, 3, 11, 15
3_23_02 3, 11, 7
7_31_00 4, 12, 16, 8, 9, 1, 5
1_13_00 4
5_13_20 14, 6, 10, 2, 11
5_24_16 10, 2, 6, 14, 15
6_19_10 6, 14, 2, 10, 7, 15
4_1_12 7, 15, 3, 11
5_26_02 4, 12, 16, 8, 1
1_10_02 16
4_2_20 11, 3, 7, 15
4_24_08 6, 14, 2, 10
8_28_18 12, 4, 8, 16, 13, 5, 9, 1
4_29_10 9, 1, 5, 13
2_13_04 6, 14
1_7_08 14
5_30_16 12, 4, 8, 16, 5
7_7_02 3, 11, 15, 7, 12, 4, 8
5_2_16 9, 1, 5, 13, 6
5_9_12 9, 1, 5, 13, 10
4_14_10 9, 1, 5, 13
6_26_00 3, 11, 15, 7, 16, 8
5_23_12 8, 16, 4, 12, 1
6_8_16 10, 2, 6, 14, 7, 15
4_21_16 10, 2, 6, 14
4_29_20 14, 6, 10, 2
6_2_12 7, 15, 3, 11, 4, 12
4_12_10 8, 16, 4, 12
7_30_18 13, 5, 9, 1, 6, 14, 2
5_31_04 6, 14, 2, 10, 11
3_8_10 3, 11, 7
2_12_12 5, 13
8_1_20 11, 3, 7, 15, 12, 4, 8, 16
8_2_14 8, 16, 4, 12, 9, 1, 5, 13
4_27_20 13, 5, 9, 1
7_1_14 8, 16, 4, 12, 9, 1, 5
6_8_20 12, 4, 8, 16, 9, 1
6_1_00 1, 9, 13, 5, 2, 10
8_5_22 13, 5, 9, 1, 14, 6, 10, 2
5_3_16 9, 1, 5, 13, 2
8_30_20 14, 6, 10, 2, 11, 3, 7, 15
6_28_20 13, 5, 9, 1, 10, 2
1_7_10 15
1_28_04 9
2_9_06 6, 14
6_28_04 5, 13, 1, 9, 2, 10
6_13_14 11, 3, 7, 15, 8, 16
6_8_04 4, 12, 16, 8, 1, 9
6_9_18 12, 4, 8, 16, 13, 5
5_10_00 3, 11, 15, 7, 16
8_14_02 5, 13, 1, 9, 2, 10, 14, 6
3_31_10 9, 1, 13
8_10_04 5, 13, 1, 9, 6, 14, 2, 10
3_10_02 16, 8, 12
6_29_00 4, 12, 16, 8, 1, 9
3_10_00 15, 7, 11
8_14_12 10, 2, 6, 14, 7, 15, 3, 11
6_25_16 11, 3, 7, 15, 12, 4
1_17_00 1
6_17_04 3, 11, 15, 7, 4, 12
8_13_10 9, 1, 5, 13, 6, 14, 2, 10
1_18_08 1
4_5_12 8, 16, 4, 12
3_18_22 8, 16, 4
6_1_16 9, 1, 5, 13, 10, 2
6_3_10 6, 14, 2, 10, 7, 15
6_19_22 12, 4, 8, 16, 13, 5
4_30_10 9, 1, 5, 13
1_29_02 5
7_21_16 10, 2, 6, 14, 11, 3, 7
2_6_10 3, 11
2_19_20 11, 3
5_4_16 9, 1, 5, 13, 14
8_8_00 2, 10, 14, 6, 3, 11, 15, 7
3_21_10 7, 15, 3
6_22_06 5, 13, 1, 9, 2, 10
6_11_04 5, 13, 1, 9, 6, 14
3_4_14 4, 12, 8
2_11_02 4, 12
4_16_10 9, 1, 5, 13
1_19_20 3
2_28_14 6, 14
7_30_20 14, 6, 10, 2, 7, 15, 3
2_26_02 16, 8
4_24_04 4, 12, 16, 8
3_13_08 8, 16, 4
7_30_04 6, 14, 2, 10, 15, 7, 11
7_24_20 12, 4, 8, 16, 1, 9, 13
4_6_08 6, 14, 2, 10
4_30_14 11, 3, 7, 15
8_19_16 9, 1, 5, 13, 10, 2, 6, 14
5_18_06 4, 12, 16, 8, 1
3_1_10 6, 14, 2
3_30_10 5, 13, 1
8_28_20 13, 5, 9, 1, 14, 6, 10, 2
8_16_02 5, 13, 1, 9, 2, 10, 14, 6
1_6_00 14
5_29_16 12, 4, 8, 16, 9
3_16_16 8, 16, 12
8_6_12 8, 16, 4, 12, 9, 1, 5, 13
7_28_06 6, 14, 2, 10, 11, 3, 7
8_26_06 6, 14, 2, 10, 7, 15, 3, 11
3_14_06 3, 11, 15
8_23_06 5, 13, 1, 9, 6, 14, 2, 10
8_27_06 6, 14, 2, 10, 7, 15, 3, 11
1_31_04 14
6_5_18 11, 3, 7, 15, 12, 4
5_17_20 11, 3, 7, 15, 12
5_22_12 8, 16, 4, 12, 5
5_4_00 1, 9, 13, 5, 6
5_19_10 6, 14, 2, 10, 15
2_18_08 1, 9
4_29_04 6, 14, 2, 10
7_12_06 6, 14, 2, 10, 11, 3, 7
1_31_08 16
5_17_18 10, 2, 6, 14, 11
8_31_14 11, 3, 7, 15, 8, 16, 4, 12
4_21_22 13, 5, 9, 1
4_21_20 12, 4, 8, 16
4_3_06 4, 12, 16, 8
8_27_12 9, 1, 5, 13, 10, 2, 6, 14
6_1_02 2, 10, 14, 6, 3, 11
4_14_18 13, 5, 9, 1
2_6_22 9, 1
5_10_12 9, 1, 5, 13, 6
1_15_04 14
3_26_06 2, 10, 14
2_27_00 3, 11
5_27_00 3, 11, 15, 7, 12
6_22_20 12, 4, 8, 16, 9, 1
6_14_12 10, 2, 6, 14, 3, 11
5_12_18 12, 4, 8, 16, 1
3_20_22 8, 16, 12
4_10_04 5, 13, 1, 9
8_7_14 9, 1, 5, 13, 10, 2, 6, 14
2_7_20 12, 4
4_12_16 11, 3, 7, 15
2_2_22 8, 16
8_11_18 12, 4, 8, 16, 13, 5, 9, 1
5_30_04 6, 14, 2, 10, 15
7_25_16 11, 3, 7, 15, 12, 4, 8
5_19_20 11, 3, 7, 15, 4
8_19_14 8, 16, 4, 12, 9, 1, 5, 13
2_25_06 6, 14
6_10_10 8, 16, 4, 12, 5, 13
8_19_04 3, 11, 15, 7, 4, 12, 16, 8
7_22_20 12, 4, 8, 16, 9, 1, 5
3_4_04 15, 7, 3
8_22_16 10, 2, 6, 14, 11, 3, 7, 15
4_27_22 14, 6, 10, 2
5_13_22 15, 7, 11, 3, 12
1_1_04 3
2_4_04 15, 7
6_9_20 13, 5, 9, 1, 14, 6
6_20_16 9, 1, 5, 13, 6, 14
8_9_06 6, 14, 2, 10, 7, 15, 3, 11
4_29_16 12, 4, 8, 16
4_16_00 4,12, 16, 8
2_19_10 6, 14
2_17_06 4, 12
3_27_04 5, 13, 9
8_12_00 3, 11, 15, 7, 4, 12, 16, 8
6_10_22 14, 6, 10, 2, 11, 3
1_30_20 10
7_23_12 8, 16, 4, 12, 1, 9, 13
4_14_16 12, 4, 8, 16
1_7_16 2
8_13_06 7, 15, 3, 11, 4, 12, 16, 8
4_18_06 4, 12, 16, 8
1_19_08 13
4_8_04 4, 12, 16, 8
6_2_08 5, 13, 1, 9, 2, 10
3_31_02 5, 13, 9
1_23_18 3
7_21_08 6, 14, 2, 10, 7, 15, 3
6_16_12 10, 2, 6, 14, 3, 11
4_31_02 5, 13, 1, 9
5_5_14 9, 1, 5, 13, 10
7_29_00 4, 12, 16, 8, 1, 9, 13
3_1_22 12, 4, 8
4_17_08 5, 13, 1, 9
7_10_14 10, 2, 6, 14, 7, 15, 3
6_30_14 11, 3, 7, 15, 4, 12
8_20_20 11, 3, 7, 15, 12, 4, 8, 16
3_25_02 4, 12, 16
4_22_08 6, 14, 2, 10
3_20_12 3, 11, 7
6_12_14 10, 2, 6, 14, 7, 15
3_25_14 10, 2, 6
7_11_20 13, 5, 9, 1, 6, 14, 2
5_23_18 11, 3, 7, 15, 4
2_28_22 10, 2
1_5_16 10
8_8_20 12, 4, 8, 16, 13, 5, 9, 1
8_9_00 3, 11, 15, 7, 4, 12, 16, 8
2_26_00 15, 7
3_24_18 7, 15, 11
1_9_20 13
3_13_22 15, 7, 11
2_24_22 9, 1
8_28_06 6, 14, 2, 10, 7, 15, 3, 11
1_22_06 1
8_1_02 2, 10, 14, 6, 3, 11, 15, 7
6_14_08 8, 16, 4, 12, 1, 9
4_26_08 7, 15, 3, 11
6_19_02 2, 10, 14, 6, 3, 11
3_24_16 6, 14, 10
5_4_02 2, 10, 14, 6, 7
3_28_02 16, 8, 4
7_11_18 12, 4, 8, 16, 5, 13, 1
8_16_08 8, 16, 4, 12, 5, 13, 1, 9
8_2_10 6, 14, 2, 10, 7, 15, 3, 11
5_18_04 3, 11, 15, 7, 16
6_20_00 1, 9, 13, 5, 14, 6
5_23_10 7, 15, 3, 11, 16
6_12_16 11, 3, 7, 15, 8, 16
7_31_04 6, 14, 2, 10, 11, 3, 7
7_12_02 4, 12, 16, 8, 9, 1, 5
1_26_10 4
1_8_14 13
5_11_12 9, 1, 5, 13, 2
7_4_00 1, 9, 13, 5, 6, 14, 2
3_7_20 12, 4, 16
5_23_14 9, 1, 5, 13, 2
4_12_14 10, 2, 6, 14
5_19_16 9, 1, 5, 13, 2
5_31_18 13, 5, 9, 1, 2
8_4_04 3, 11, 15, 7, 4, 12, 16, 8
5_11_16 11, 3, 7, 15, 4
5_2_02 2, 10, 14, 6, 15
2_11_14 10, 2
2_4_00 13, 5
6_3_02 2, 10, 14, 6, 3, 11
8_18_14 8, 16, 4, 12, 9, 1, 5, 13
6_29_04 6, 14, 2, 10, 3, 11
2_19_00 1, 9
2_6_20 8, 16
3_16_02 1, 9, 5
6_30_16 12, 4, 8, 16, 5, 13
7_8_10 7, 15, 3, 11, 12, 4, 8
8_31_18 13, 5, 9, 1, 10, 2, 6, 14
3_3_02 2, 10, 6
3_20_14 4, 12, 8
2_1_02 2, 10
3_29_06 7, 15, 3
6_10_20 13, 5, 9, 1, 10, 2
2_5_04 4, 12
2_30_06 3, 11
6_2_00 1, 9, 13, 5, 14, 6
5_24_06 5, 13, 1, 9, 10
7_17_18 10, 2, 6, 14, 11, 3, 7
8_5_16 10, 2, 6, 14, 11, 3, 7, 15
8_28_04 5, 13, 1, 9, 6, 14, 2, 10
6_25_22 14, 6, 10, 2, 15, 7
4_7_06 5, 13, 1, 9
6_23_04 4, 12, 16, 8, 5, 13
3_17_00 1, 9, 13
1_29_20 14
7_18_04 3, 11, 15, 7, 16, 8, 12
1_1_10 6
5_8_22 13, 5, 9, 1, 2
2_17_16 9, 1
3_22_20 8, 16, 4
7_2_04 3, 11, 15, 7, 16, 8, 12
8_18_08 5, 13, 1, 9, 6, 14, 2, 10
7_28_02 4, 12, 16, 8, 9, 1, 5
3_16_00 16, 8, 4
4_1_10 6, 14, 2, 10
6_24_02 3, 11, 15, 7, 16, 8
2_8_22 9, 1
1_18_02 14
6_12_02 4, 12, 16, 8, 1, 9
1_3_04 11
6_15_06 7, 15, 3, 11, 4, 12
5_4_22 12, 4, 8, 16, 1
2_7_00 2, 10
4_30_18 13, 5, 9, 1
1_5_08 6
8_24_10 7, 15, 3, 11, 8, 16, 4, 12
4_25_08 7, 15, 3, 11
7_16_22 15, 7, 11, 3, 16, 8, 12
7_22_02 3, 11, 15, 7, 16, 8, 12
3_11_00 3, 11, 7
8_31_16 12, 4, 8, 16, 9, 1, 5, 13
1_18_22 8
3_7_06 5, 13, 9
1_17_08 5
7_12_16 11, 3, 7, 15, 16, 8, 12
8_3_20 11, 3, 7, 15, 12, 4, 8, 16
4_7_18 11, 3, 7, 15
2_22_16 6, 14
8_7_00 2, 10, 14, 6, 3, 11, 15, 7
1_2_10 2
4_5_18 11, 3, 7, 15
8_20_22 12, 4, 8, 16, 13, 5, 9, 1
7_2_02 2, 10, 14, 6, 15, 7, 11
3_10_12 5, 13, 1
3_18_20 7, 15, 3
8_5_06 5, 13, 1, 9, 6, 14, 2, 10
2_15_14 11, 3
1_15_16 4
4_3_18 10, 2, 6, 14
7_8_14 9, 1, 5, 13, 14, 6, 10
4_20_02 2, 10, 14, 6
1_17_18 10
2_13_08 8, 16
2_22_00 14, 6
8_15_00 4, 12, 16, 8, 1, 9, 13, 5
1_3_16 1
5_27_10 8, 16, 4, 12, 1
1_4_10 10
6_11_14 10, 2, 6, 14, 11, 3
6_23_14 9, 1, 5, 13, 10, 2
7_9_18 12, 4, 8, 16, 13, 5, 9
2_30_10 5, 13
1_30_04 2
7_25_02 4, 12, 16, 8, 5, 13, 1
3_14_18 9, 1, 5
7_24_12 8, 16, 4, 12, 13, 5, 9
7_4_02 2, 10, 14, 6, 7, 15, 3
6_10_06 6, 14, 2, 10, 3, 11
6_13_02 5, 13, 1, 9, 2, 10
5_21_16 10, 2, 6, 14, 11
2_2_08 1, 9
6_17_20 11, 3, 7, 15, 12, 4
1_4_04 7
4_31_22 15, 7, 11, 3
3_29_04 6, 14, 2
3_3_16 9, 1, 13
4_15_18 13, 5, 9, 1
6_18_18 10, 2, 6, 14, 7, 15
2_17_04 3, 11
2_17_22 12, 4
5_12_16 11, 3, 7, 15, 16
7_24_04 4, 12, 16, 8, 9, 1, 5
6_17_18 10, 2, 6, 14, 11, 3
3_15_00 4,12, 8
3_25_20 13, 5, 9
1_9_18 12
8_27_16 11, 3, 7, 15, 12, 4, 8, 16
1_17_20 11
3_6_22 9, 1, 5
2_31_14 11, 3
5_29_14 11, 3, 7, 15, 8
3_21_16 10, 2, 6
8_11_20 13, 5, 9, 1, 14, 6, 10, 2
2_31_04 6, 14
4_15_06 7, 15, 3, 11
6_11_00 3, 11, 15, 7, 4, 12
3_29_14 11, 3, 7
5_24_00 2, 10, 14, 6, 7
1_31_14 3
8_20_04 3, 11, 15, 7, 4, 12, 16, 8
7_23_16 10, 2, 6, 14, 3, 11, 15
3_12_14 6, 14, 10
6_22_22 13, 5, 9, 1, 10, 2
3_23_14 9, 1, 13
4_15_16 12, 4, 8, 16
4_11_20 13, 5, 9, 1
4_29_06 7, 15, 3, 11
3_3_00 1, 9, 5
3_22_22 9, 1, 5
4_7_04 4, 12, 16, 8
2_14_02 1, 9
3_24_22 9, 1, 13
3_17_02 2, 10, 14
7_8_02 3, 11, 15, 7, 8, 16, 4
1_12_20 1
1_18_18 6
5_22_10 7, 15, 3, 11, 4
3_23_18 11, 3, 15
8_7_22 13, 5, 9, 1, 14, 6, 10, 2
8_4_00 1, 9, 13, 5, 2, 10, 14, 6
2_17_00 1, 9
1_3_14 16
7_3_04 3, 11, 15, 7, 12, 4, 8
7_6_04 4, 12, 16, 8, 1, 9, 13
2_15_10 9, 1
6_23_20 12, 4, 8, 16, 13, 5
5_22_08 6, 14, 2, 10, 3
5_18_16 9, 1, 5, 13, 6
4_9_04 5, 13, 1, 9
1_29_08 8
6_26_04 5, 13, 1, 9, 2, 10
8_30_04 6, 14, 2, 10, 3, 11, 15, 7
7_2_06 4, 12, 16, 8, 1, 9, 13
5_24_08 6, 14, 2, 10, 11
1_27_14 2
2_12_16 7, 15
7_12_20 13, 5, 9, 1, 2, 10, 14
1_20_12 11
1_10_00 15
7_5_22 13, 5, 9, 1, 14, 6, 10
5_25_12 9, 1, 5, 13, 10
4_28_00 3, 11, 15, 7
6_15_22 15, 7, 11, 3, 12, 4
5_17_00 1, 9, 13, 5, 2
3_2_08 1, 9, 13
5_17_04 3, 11, 15, 7, 4
8_25_18 12, 4, 8, 16, 13, 5, 9, 1
6_2_18 10, 2, 6, 14, 7, 15
4_9_12 9, 1, 5, 13
6_24_12 8, 16, 4, 12, 5, 13
5_22_04 4, 12, 16, 8, 1
1_9_14 10
5_13_04 6, 14, 2, 10, 3
4_15_04 6, 14, 2, 10
5_13_02 5, 13, 1, 9, 2
4_23_00 2, 10, 14, 6
5_29_20 14, 6, 10, 2, 11
5_17_02 2, 10, 14, 6, 3
8_28_14 10, 2, 6, 14, 11, 3, 7, 15
2_10_04 1, 9
7_17_02 2, 10, 14, 6, 3, 11, 15
2_9_14 10, 2
4_24_16 10, 2, 6, 14
1_19_02 10
5_30_22 15, 7, 11, 3, 8
2_12_04 1, 9
6_14_06 7, 15, 3, 11, 16, 8
1_7_00 10
8_18_22 12, 4, 8, 16, 13, 5, 9, 1
2_22_04 16, 8
4_14_06 7, 15, 3, 11
2_26_08 3, 11
6_31_02 5, 13, 1, 9, 2, 10
4_30_02 5, 13, 1, 9
7_22_04 4, 12, 16, 8, 1, 9, 13
3_13_18 13, 5, 9
8_31_12 10, 2, 6, 14, 7, 15, 3, 11
1_21_04 4
6_3_04 3, 11, 15, 7, 4, 12
8_19_00 1, 9, 13, 5, 2, 10, 14, 6
6_9_10 8, 16, 4, 12, 9, 1
2_20_08 1, 9
7_7_00 2, 10, 14, 6, 11, 3, 7
2_24_06 1, 9
8_6_02 3, 11, 15, 7, 4, 12, 16, 8
4_11_00 3, 11, 15, 7
3_2_00 13, 5, 9
1_2_22 8
2_8_08 2, 10
5_11_20 13, 5, 9, 1, 6
5_14_04 6, 14, 2, 10, 15
6_7_14 9, 1, 5, 13, 10, 2
3_20_08 1, 9, 5
6_7_20 12, 4, 8, 16, 13, 5
4_6_06 5, 13, 1, 9
3_20_18 6, 14, 10
4_11_10 8, 16, 4, 12
8_6_14 9, 1, 5, 13, 10, 2, 6, 14
8_22_04 4, 12, 16, 8, 5, 13, 1, 9
7_3_14 8, 16, 4, 12, 1, 9, 13
2_18_02 14, 6
3_1_16 9, 1, 5
5_12_14 10, 2, 6, 14, 15
7_19_02 2, 10, 14, 6, 11, 3, 7
2_20_04 15, 7
3_11_12 9, 1, 13
2_19_18 10, 2
2_25_08 7, 15
3_27_18 12, 4, 16
5_22_02 3, 11, 15, 7, 16
6_7_10 7, 15, 3, 11, 8, 16
6_8_18 11, 3, 7, 15, 8, 16
8_2_20 11, 3, 7, 15, 12, 4, 8, 16
6_2_22 12, 4, 8, 16, 9, 1
5_31_22 15, 7, 11, 3, 4
5_26_08 7, 15, 3, 11, 4
8_24_22 13, 5, 9, 1, 14, 6, 10, 2
1_20_16 13
3_28_12 5, 13, 9
8_2_08 5, 13, 1, 9, 6, 14, 2, 10
3_14_16 8, 16, 4
2_25_00 3, 11
3_1_08 5, 13, 1
5_28_18 12, 4, 8, 16, 1
2_7_12 8, 16
1_19_04 11
5_6_12 8, 16, 4, 12, 5
4_5_20 12, 4, 8, 16
2_25_12 9, 1
8_31_06 7, 15, 3, 11, 4, 12, 16, 8
7_30_08 8, 16, 4, 12, 1, 9, 13
4_28_14 10, 2, 6, 14
5_31_10 9, 1, 5, 13, 14
8_27_20 13, 5, 9, 1, 14, 6, 10, 2
2_13_06 7, 15
3_16_14 7, 15, 11
3_21_02 3, 11, 15
3_10_14 6, 14, 2
7_28_12 9, 1, 5, 13, 14, 6, 10
4_28_16 11, 3, 7, 15
2_15_02 5, 13
2_10_06 2, 10
7_13_10 9, 1, 5, 13, 6, 14, 2
8_6_10 7, 15, 3, 11, 8, 16, 4, 12
3_9_10 8, 16, 4
8_24_02 3, 11, 15, 7, 4, 12, 16, 8
6_29_22 15, 7, 11, 3, 12, 4
1_21_20 12
3_5_16 10, 2, 6
7_8_08 6, 14, 2, 10, 11, 3, 7
1_11_10 16
2_19_22 12, 4
3_31_06 7, 15, 11
6_23_10 7, 15, 3, 11, 8, 16
7_16_14 11, 3, 7, 15, 12, 4, 8
2_11_12 9, 1
8_26_04 5, 13, 1, 9, 6, 14, 2, 10
4_12_12 9, 1, 5, 13
8_5_04 4, 12, 16, 8, 5, 13, 1, 9
6_31_12 10, 2, 6, 14, 7, 15
8_22_14 9, 1, 5, 13, 10, 2, 6, 14
4_28_22 14, 6, 10, 2
2_27_14 10, 2
4_11_06 6, 14, 2, 10
5_9_04 5, 13, 1, 9, 6
1_17_02 2
2_23_08 6, 14
6_5_16 10, 2, 6, 14, 11, 3
3_31_00 4,12, 8
6_27_02 4, 12, 16, 8, 5, 13
3_9_08 7, 15, 3
5_5_00 2, 10, 14, 6, 3
6_28_12 9, 1, 5, 13, 6, 14
6_15_16 12, 4, 8, 16, 9, 1
5_11_00 3, 11, 15, 7, 12
5_11_08 7, 15, 3, 11, 16
8_11_08 7, 15, 3, 11, 8, 16, 4, 12
6_14_02 5, 13, 1, 9, 14, 6
2_20_14 4, 12
4_22_00 2, 10, 14, 6
2_15_20 14, 6
4_31_00 4,12, 16, 8
4_18_08 5, 13, 1, 9
1_23_10 15
4_29_00 4,12, 16, 8
4_14_22 15, 7, 11, 3
6_26_18 12, 4, 8, 16, 9, 1
2_1_18 10, 2
1_23_14 1
1_11_22 6
4_13_16 12, 4, 8, 16
1_20_10 10
7_9_08 7, 15, 3, 11, 8, 16, 4
3_5_22 13, 5, 9
5_6_16 10, 2, 6, 14, 7
6_29_08 8, 16, 4, 12, 5, 13
3_5_06 5, 13, 1
4_10_12 9, 1, 5, 13
8_8_22 13, 5, 9, 1, 14, 6, 10, 2
8_21_02 3, 11, 15, 7, 4, 12, 16, 8
2_24_12 4, 12
2_29_12 10, 2
3_4_00 13, 5, 1
1_26_06 2
6_28_16 11, 3, 7, 15, 8, 16
6_27_00 3, 11, 15, 7, 4, 12
2_12_00 15, 7
7_1_16 9, 1, 5, 13, 10, 2, 6
5_23_00 2, 10, 14, 6, 11
6_4_22 12, 4, 8, 16, 9, 1
7_18_22 12, 4, 8, 16, 9, 1, 5
3_29_20 14, 6, 10
5_21_14 9, 1, 5, 13, 10
5_1_10 6, 14, 2, 10, 7
6_1_14 8, 16, 4, 12, 9, 1
3_2_02 14, 6, 10
2_21_04 4, 12
8_18_06 4, 12, 16, 8, 5, 13, 1, 9
1_20_20 15
8_1_12 7, 15, 3, 11, 8, 16, 4, 12
1_22_22 9
6_24_16 10, 2, 6, 14, 7, 15
5_13_00 4, 12, 16, 8, 1
3_27_02 4, 12, 8
7_16_04 6, 14, 2, 10, 7, 15, 3
7_28_14 10, 2, 6, 14, 15, 7, 11
3_25_22 14, 6, 10
7_15_12 10, 2, 6, 14, 15, 7, 11
1_18_20 7
6_16_22 15, 7, 11, 3, 8, 16
6_6_04 4, 12, 16, 8, 1, 9
5_6_22 13, 5, 9, 1, 10
7_15_06 7, 15, 3, 11, 12, 4, 8
1_30_08 4
5_26_16 11, 3, 7, 15, 8
2_26_18 8, 16
4_11_22 14, 6, 10, 2
4_30_12 10, 2, 6, 14
3_26_02 16, 8, 12
2_6_18 7, 15
7_14_12 10, 2, 6, 14, 3, 11, 15
1_18_06 16
7_25_00 3, 11, 15, 7, 4, 12, 16
7_16_12 10, 2, 6, 14, 11, 3, 7
1_30_06 3
4_18_18 10, 2, 6, 14
4_12_06 6, 14, 2, 10
1_28_22 2
3_30_02 1, 9, 13
7_8_06 5, 13, 1, 9, 10, 2, 6
1_19_10 14
3_6_02 15, 7, 11
2_26_04 1, 9
4_16_22 15, 7, 11, 3
6_9_02 4, 12, 16, 8, 5, 13
2_28_20 9, 1
8_19_10 6, 14, 2, 10, 7, 15, 3, 11
6_17_08 5, 13, 1, 9, 6, 14
2_27_16 11, 3
8_13_14 11, 3, 7, 15, 8, 16, 4, 12
2_16_12 6, 14
3_15_06 7, 15, 11
1_26_22 10
8_5_12 8, 16, 4, 12, 9, 1, 5, 13
3_28_16 7, 15, 11
1_20_06 8
1_21_12 8
3_19_22 12, 4, 16
4_7_14 9, 1, 5, 13
2_21_20 12, 4
8_28_02 4, 12, 16, 8, 5, 13, 1, 9
7_19_00 1, 9, 13, 5, 10, 2, 6
2_14_08 4, 12
8_9_22 14, 6, 10, 2, 15, 7, 11, 3
8_17_04 3, 11, 15, 7, 4, 12, 16, 8
3_12_08 3, 11, 7
7_16_18 13, 5, 9, 1, 14, 6, 10
4_3_10 6, 14, 2, 10
7_19_14 8, 16, 4, 12, 1, 9, 13
3_11_08 7, 15, 11
7_11_00 3, 11, 15, 7, 12, 4, 8
5_30_18 13, 5, 9, 1, 6
2_9_12 9, 1
8_12_06 6, 14, 2, 10, 7, 15, 3, 11
7_22_08 6, 14, 2, 10, 3, 11, 15
2_10_20 9, 1
8_29_00 4, 12, 16, 8, 1, 9, 13, 5
1_8_22 1
8_23_20 12, 4, 8, 16, 13, 5, 9, 1
8_29_12 10, 2, 6, 14, 7, 15, 3, 11
1_21_06 5
5_11_10 8, 16, 4, 12, 1
8_8_18 11, 3, 7, 15, 12, 4, 8, 16
1_3_06 12
2_21_06 5, 13
1_12_22 2
2_7_02 3, 11
2_26_10 4, 12
5_3_20 11, 3, 7, 15, 4
3_20_06 16, 8, 4
2_25_04 5, 13
5_18_14 8, 16, 4, 12, 5
5_4_18 10, 2, 6, 14, 15
4_29_02 5, 13, 1, 9
5_19_14 8, 16, 4, 12, 1
7_29_16 12, 4, 8, 16, 9, 1, 5
2_2_10 2, 10
2_9_02 4, 12
8_28_16 11, 3, 7, 15, 12, 4, 8, 16
7_21_18 11, 3, 7, 15, 12, 4, 8
3_31_20 14, 6, 2
4_17_18 10, 2, 6, 14
5_19_18 10, 2, 6, 14, 3
4_8_10 7, 15, 3, 11
2_23_18 11, 3
3_26_14 6, 14, 2
6_31_20 14, 6, 10, 2, 11, 3
5_26_10 8, 16, 4, 12, 5
5_28_14 10, 2, 6, 14, 15
8_13_02 5, 13, 1, 9, 2, 10, 14, 6
7_16_10 9, 1, 5, 13, 10, 2, 6
5_23_16 10, 2, 6, 14, 3
4_5_08 6, 14, 2, 10
7_6_14 9, 1, 5, 13, 6, 14, 2
8_11_10 8, 16, 4, 12, 9, 1, 5, 13
5_19_22 12, 4, 8, 16, 5
3_6_16 6, 14, 2
6_14_10 9, 1, 5, 13, 2, 10
5_2_20 11, 3, 7, 15, 8
8_23_16 10, 2, 6, 14, 11, 3, 7, 15
3_27_22 14, 6, 2
6_14_20 14, 6, 10, 2, 7, 15
2_17_10 6, 14
3_17_04 3, 11, 15
6_19_00 1, 9, 13, 5, 2, 10
3_16_18 9, 1, 13
3_13_00 4,12, 16
1_11_04 13
8_11_00 3, 11, 15, 7, 4, 12, 16, 8
1_5_10 7
1_14_14 7
8_16_22 15, 7, 11, 3, 12, 4, 8, 16
4_5_16 10, 2, 6, 14
8_9_12 9, 1, 5, 13, 10, 2, 6, 14
8_17_00 1, 9, 13, 5, 2, 10, 14, 6
3_2_22 8, 16, 4
7_25_14 10, 2, 6, 14, 11, 3, 7
1_19_00 9
4_25_04 5, 13, 1, 9
3_15_02 5, 13, 9
4_20_12 7, 15, 3, 11
3_23_12 8, 16, 12
7_20_18 10, 2, 6, 14, 15, 7, 11
5_22_18 11, 3, 7, 15, 8
8_10_06 6, 14, 2, 10, 7, 15, 3, 11
8_25_02 4, 12, 16, 8, 5, 13, 1, 9
7_11_22 14, 6, 10, 2, 7, 15, 3
7_31_18 13, 5, 9, 1, 2, 10, 14
8_19_18 10, 2, 6, 14, 11, 3, 7, 15
