1_4_12 11
3_26_22 10, 2, 6
7_8_08 6, 14, 2, 10, 11, 3, 7
6_28_04 5, 13, 1, 9, 2, 10
7_7_14 9, 1, 5, 13, 2, 10, 14
1_22_04 16
4_12_06 6, 14, 2, 10
4_24_16 10, 2, 6, 14
4_27_14 10, 2, 6, 14
6_5_22 13, 5, 9, 1, 14, 6
5_17_08 5, 13, 1, 9, 6
1_15_10 1
2_26_10 4, 12
2_1_14 8, 16
7_28_12 9, 1, 5, 13, 14, 6, 10
7_1_14 8, 16, 4, 12, 9, 1, 5
1_31_22 7
4_23_10 7, 15, 3, 11
2_27_00 3, 11
3_11_06 6, 14, 10
8_17_08 5, 13, 1, 9, 6, 14, 2, 10
7_18_10 6, 14, 2, 10, 3, 11, 15
1_3_06 12
3_22_06 1, 9, 13
3_21_06 5, 13, 1
8_10_02 4, 12, 16, 8, 5, 13, 1, 9
1_6_14 5
2_23_02 3, 11
2_20_10 2, 10
7_15_06 7, 15, 3, 11, 12, 4, 8
8_8_06 5, 13, 1, 9, 6, 14, 2, 10
4_20_06 4, 12, 16, 8
1_30_14 7
7_28_08 7, 15, 3, 11, 12, 4, 8
3_21_12 8, 16, 4
8_6_20 12, 4, 8, 16, 13, 5, 9, 1
4_15_12 10, 2, 6, 14
3_23_14 9, 1, 13
5_16_20 14, 6, 10, 2, 15
1_23_02 11
8_3_02 2, 10, 14, 6, 3, 11, 15, 7
5_10_16 11, 3, 7, 15, 8
1_15_06 15
8_20_06 4, 12, 16, 8, 5, 13, 1, 9
8_25_10 8, 16, 4, 12, 9, 1, 5, 13
4_29_18 13, 5, 9, 1
4_1_14 8, 16, 4, 12
5_22_22 13, 5, 9, 1, 10
7_10_08 7, 15, 3, 11, 4, 12, 16
1_28_04 9
5_28_00 3, 11, 15, 7, 8
8_4_02 2, 10, 14, 6, 3, 11, 15, 7
3_19_02 2, 10, 6
4_28_14 10, 2, 6, 14
3_18_16 5, 13, 1
6_18_10 6, 14, 2, 10, 3, 11
4_24_08 6, 14, 2, 10
7_29_08 8, 16, 4, 12, 5, 13, 1
5_1_10 6, 14, 2, 10, 7
3_2_20 7, 15, 3
5_10_14 10, 2, 6, 14, 7
7_29_20 14, 6, 10, 2, 11, 3, 7
6_12_12 9, 1, 5, 13, 6, 14
7_22_20 12, 4, 8, 16, 9, 1, 5
8_1_14 8, 16, 4, 12, 9, 1, 5, 13
4_20_18 10, 2, 6, 14
8_12_00 3, 11, 15, 7, 4, 12, 16, 8
4_23_20 12, 4, 8, 16
6_11_20 13, 5, 9, 1, 14, 6
5_24_12 8, 16, 4, 12, 13
2_2_16 5, 13
7_18_18 10, 2, 6, 14, 7, 15, 3
3_8_20 8, 16, 12
7_9_16 11, 3, 7, 15, 12, 4, 8
4_13_18 13, 5, 9, 1
3_26_16 7, 15, 3
3_25_20 13, 5, 9
7_18_08 5, 13, 1, 9, 2, 10, 14
5_6_00 2, 10, 14, 6, 15
8_15_10 9, 1, 5, 13, 6, 14, 2, 10
6_23_18 11, 3, 7, 15, 12, 4
6_23_10 7, 15, 3, 11, 8, 16
5_27_14 10, 2, 6, 14, 3
5_12_06 6, 14, 2, 10, 11
7_12_12 9, 1, 5, 13, 14, 6, 10
5_5_16 10, 2, 6, 14, 11
8_17_14 8, 16, 4, 12, 9, 1, 5, 13
7_24_20 12, 4, 8, 16, 1, 9, 13
1_4_08 9
4_19_22 12, 4, 8, 16
3_16_22 11, 3, 15
3_2_02 14, 6, 10
6_26_02 4, 12, 16, 8, 1, 9
5_4_04 3, 11, 15, 7, 8
3_16_18 9, 1, 13
2_30_22 11, 3
2_23_04 4, 12
2_19_00 1, 9
5_8_06 5, 13, 1, 9, 10
5_7_10 7, 15, 3, 11, 16
8_7_18 11, 3, 7, 15, 12, 4, 8, 16
3_2_04 15, 7, 11
1_7_22 5
8_31_10 9, 1, 5, 13, 6, 14, 2, 10
6_12_00 3, 11, 15, 7, 16, 8
8_18_02 2, 10, 14, 6, 3, 11, 15, 7
4_20_04 3, 11, 15, 7
5_7_16 10, 2, 6, 14, 3
8_25_12 9, 1, 5, 13, 10, 2, 6, 14
5_14_12 10, 2, 6, 14, 3
5_23_12 8, 16, 4, 12, 1
2_12_22 10, 2
2_31_16 12, 4
7_12_06 6, 14, 2, 10, 11, 3, 7
5_24_04 4, 12, 16, 8, 9
8_29_10 9, 1, 5, 13, 6, 14, 2, 10
8_2_14 8, 16, 4, 12, 9, 1, 5, 13
5_9_14 10, 2, 6, 14, 11
6_11_04 5, 13, 1, 9, 6, 14
5_12_20 13, 5, 9, 1, 2
8_21_18 11, 3, 7, 15, 12, 4, 8, 16
2_16_18 9, 1
8_9_18 12, 4, 8, 16, 13, 5, 9, 1
7_2_12 7, 15, 3, 11, 4, 12, 16
5_2_18 10, 2, 6, 14, 7
1_25_02 4
3_17_04 3, 11, 15
7_5_18 11, 3, 7, 15, 12, 4, 8
5_15_08 8, 16, 4, 12, 13
1_22_00 14
6_12_06 6, 14, 2, 10, 3, 11
3_29_00 4,12, 16
3_30_02 1, 9, 13
7_26_02 4, 12, 16, 8, 1, 9, 13
3_9_16 11, 3, 7
2_1_02 2, 10
2_4_14 4, 12
6_19_20 11, 3, 7, 15, 12, 4
1_4_10 10
3_28_22 10, 2, 14
5_16_12 10, 2, 6, 14, 11
6_3_16 9, 1, 5, 13, 10, 2
5_13_00 4, 12, 16, 8, 1
3_16_14 7, 15, 11
7_10_22 14, 6, 10, 2, 11, 3, 7
4_28_22 14, 6, 10, 2
7_24_14 9, 1, 5, 13, 14, 6, 10
6_25_06 6, 14, 2, 10, 7, 15
3_15_12 10, 2, 14
5_13_02 5, 13, 1, 9, 2
3_17_22 12, 4, 8
8_30_04 6, 14, 2, 10, 3, 11, 15, 7
4_6_10 7, 15, 3, 11
6_2_04 3, 11, 15, 7, 16, 8
1_18_08 1
4_5_12 8, 16, 4, 12
1_14_20 10
2_16_06 3, 11
4_26_02 4, 12, 16, 8
8_28_22 14, 6, 10, 2, 15, 7, 11, 3
2_2_02 14, 6
5_25_20 13, 5, 9, 1, 14
7_23_14 9, 1, 5, 13, 2, 10, 14
2_24_20 8, 16
6_5_20 12, 4, 8, 16, 13, 5
1_6_12 4
5_16_06 7, 15, 3, 11, 8
3_5_02 3, 11, 15
4_21_16 10, 2, 6, 14
5_22_12 8, 16, 4, 12, 5
6_21_08 6, 14, 2, 10, 7, 15
8_17_02 2, 10, 14, 6, 3, 11, 15, 7
3_10_08 3, 11, 15
2_9_02 4, 12
3_16_02 1, 9, 5
5_2_04 3, 11, 15, 7, 16
1_6_04 16
7_29_16 12, 4, 8, 16, 9, 1, 5
8_5_20 12, 4, 8, 16, 13, 5, 9, 1
3_19_16 9, 1, 13
6_31_10 9, 1, 5, 13, 6, 14
2_5_00 2, 10
4_15_18 13, 5, 9, 1
1_14_08 4
8_20_00 1, 9, 13, 5, 2, 10, 14, 6
4_9_04 5, 13, 1, 9
4_11_06 6, 14, 2, 10
3_9_02 4, 12, 16
4_20_20 11, 3, 7, 15
8_8_18 11, 3, 7, 15, 12, 4, 8, 16
2_12_20 9, 1
5_1_22 12, 4, 8, 16, 13
5_8_10 7, 15, 3, 11, 12
1_20_20 15
3_6_20 8, 16, 4
5_15_22 15, 7, 11, 3, 4
3_1_16 9, 1, 5
6_29_20 14, 6, 10, 2, 11, 3
2_4_20 7, 15
6_29_02 5, 13, 1, 9, 2, 10
8_11_10 8, 16, 4, 12, 9, 1, 5, 13
4_17_16 9, 1, 5, 13
7_21_22 13, 5, 9, 1, 14, 6, 10
4_27_22 14, 6, 10, 2
3_7_02 3, 11, 7
4_6_02 3, 11, 15, 7
1_31_18 5
3_26_02 16, 8, 12
5_6_22 13, 5, 9, 1, 10
3_7_04 4, 12, 8
4_28_10 8, 16, 4, 12
4_7_02 3, 11, 15, 7
8_16_02 5, 13, 1, 9, 2, 10, 14, 6
3_29_10 9, 1, 5
8_5_04 4, 12, 16, 8, 5, 13, 1, 9
8_31_00 4, 12, 16, 8, 1, 9, 13, 5
6_26_18 12, 4, 8, 16, 9, 1
5_26_14 10, 2, 6, 14, 7
2_23_18 11, 3
7_20_08 5, 13, 1, 9, 10, 2, 6
7_10_16 11, 3, 7, 15, 8, 16, 4
4_25_14 10, 2, 6, 14
1_11_16 3
5_21_02 3, 11, 15, 7, 4
1_29_16 12
5_27_22 14, 6, 10, 2, 7
8_16_06 7, 15, 3, 11, 4, 12, 16, 8
4_22_18 11, 3, 7, 15
2_24_00 14, 6
3_26_14 6, 14, 2
7_11_02 4, 12, 16, 8, 13, 5, 9
7_1_06 4, 12, 16, 8, 5, 13, 1
8_30_06 7, 15, 3, 11, 4, 12, 16, 8
5_18_14 8, 16, 4, 12, 5
1_15_20 6
6_26_16 11, 3, 7, 15, 8, 16
2_13_08 8, 16
8_24_02 3, 11, 15, 7, 4, 12, 16, 8
1_29_04 6
7_17_14 8, 16, 4, 12, 9, 1, 5
3_6_18 7, 15, 3
1_15_18 5
3_22_10 3, 11, 15
5_23_16 10, 2, 6, 14, 3
8_12_16 11, 3, 7, 15, 12, 4, 8, 16
5_30_18 13, 5, 9, 1, 6
8_13_00 4, 12, 16, 8, 1, 9, 13, 5
4_15_14 11, 3, 7, 15
6_2_20 11, 3, 7, 15, 8, 16
7_27_08 7, 15, 3, 11, 16, 8, 12
3_18_00 13, 5, 9
8_31_14 11, 3, 7, 15, 8, 16, 4, 12
2_8_04 16, 8
8_26_06 6, 14, 2, 10, 7, 15, 3, 11
3_22_14 5, 13, 1
1_13_00 4
5_14_18 13, 5, 9, 1, 6
2_18_16 5, 13
3_29_12 10, 2, 6
4_27_18 12, 4, 8, 16
7_17_00 1, 9, 13, 5, 2, 10, 14
1_18_14 4
4_11_04 5, 13, 1, 9
5_15_14 11, 3, 7, 15, 16
1_23_16 2
3_20_18 6, 14, 10
7_7_20 12, 4, 8, 16, 5, 13, 1
1_19_02 10
6_15_18 13, 5, 9, 1, 10, 2
4_5_14 9, 1, 5, 13
6_8_08 6, 14, 2, 10, 3, 11
8_30_16 12, 4, 8, 16, 9, 1, 5, 13
6_11_02 4, 12, 16, 8, 5, 13
5_16_16 12, 4, 8, 16, 13
7_2_08 5, 13, 1, 9, 2, 10, 14
1_8_06 9
4_23_18 11, 3, 7, 15
5_31_14 11, 3, 7, 15, 16
7_31_00 4, 12, 16, 8, 9, 1, 5
1_17_16 9
1_24_22 1
4_26_22 14, 6, 10, 2
2_28_00 15, 7
3_23_20 12, 4, 16
4_8_18 11, 3, 7, 15
8_29_20 14, 6, 10, 2, 11, 3, 7, 15
2_3_18 10, 2
2_21_12 8, 16
4_9_22 14, 6, 10, 2
4_18_02 2, 10, 14, 6
4_21_22 13, 5, 9, 1
3_2_22 8, 16, 4
3_1_10 6, 14, 2
5_30_20 14, 6, 10, 2, 7
5_24_02 3, 11, 15, 7, 8
1_27_00 11
3_11_00 3, 11, 7
