7_5_20 12, 4, 8, 16, 13, 5, 9
1_28_22 2
3_12_18 8, 16, 12
1_26_06 2
3_4_18 6, 14, 10
5_22_22 13, 5, 9, 1, 10
8_15_06 7, 15, 3, 11, 4, 12, 16, 8
5_20_02 2, 10, 14, 6, 7
4_13_06 7, 15, 3, 11
1_12_04 9
5_14_02 5, 13, 1, 9, 14
3_29_18 13, 5, 9
8_2_08 5, 13, 1, 9, 6, 14, 2, 10
1_8_06 9
2_12_18 8, 16
4_31_22 15, 7, 11, 3
4_28_10 8, 16, 4, 12
8_25_10 8, 16, 4, 12, 9, 1, 5, 13
5_17_20 11, 3, 7, 15, 12
6_1_02 2, 10, 14, 6, 3, 11
3_21_02 3, 11, 15
4_31_18 13, 5, 9, 1
5_30_14 11, 3, 7, 15, 4
2_30_02 1, 9
5_19_18 10, 2, 6, 14, 3
2_12_04 1, 9
3_5_10 7, 15, 3
7_19_04 3, 11, 15, 7, 12, 4, 8
7_9_16 11, 3, 7, 15, 12, 4, 8
5_2_22 12, 4, 8, 16, 9
1_6_04 16
2_28_16 7, 15
5_5_08 6, 14, 2, 10, 7
8_31_18 13, 5, 9, 1, 10, 2, 6, 14
6_20_08 5, 13, 1, 9, 2, 10
7_18_18 10, 2, 6, 14, 7, 15, 3
4_5_14 9, 1, 5, 13
6_31_06 7, 15, 3, 11, 4, 12
5_23_16 10, 2, 6, 14, 3
7_14_12 10, 2, 6, 14, 3, 11, 15
2_20_02 14, 6
3_27_18 12, 4, 16
3_6_20 8, 16, 4
4_5_04 4, 12, 16, 8
5_3_12 7, 15, 3, 11, 16
6_25_22 14, 6, 10, 2, 15, 7
7_2_04 3, 11, 15, 7, 16, 8, 12
2_28_08 3, 11
6_21_20 12, 4, 8, 16, 13, 5
1_18_14 4
2_18_18 6, 14
6_3_16 9, 1, 5, 13, 10, 2
2_16_12 6, 14
6_5_16 10, 2, 6, 14, 11, 3
4_23_10 7, 15, 3, 11
4_7_12 8, 16, 4, 12
2_29_04 6, 14
2_22_06 1, 9
2_16_00 16, 8
2_4_12 3, 11
1_25_06 6
7_15_10 9, 1, 5, 13, 14, 6, 10
7_19_22 12, 4, 8, 16, 5, 13, 1
7_10_02 4, 12, 16, 8, 1, 9, 13
3_19_00 1, 9, 5
8_20_18 10, 2, 6, 14, 11, 3, 7, 15
2_26_12 5, 13
5_9_00 3, 11, 15, 7, 4
8_17_02 2, 10, 14, 6, 3, 11, 15, 7
6_30_06 7, 15, 3, 11, 16, 8
3_18_18 6, 14, 2
5_1_08 5, 13, 1, 9, 6
8_11_04 5, 13, 1, 9, 6, 14, 2, 10
6_27_12 9, 1, 5, 13, 10, 2
5_23_22 13, 5, 9, 1, 6
6_26_12 9, 1, 5, 13, 6, 14
3_25_22 14, 6, 10
2_24_04 16, 8
8_25_12 9, 1, 5, 13, 10, 2, 6, 14
4_3_00 1, 9, 13, 5
8_20_08 5, 13, 1, 9, 6, 14, 2, 10
1_20_04 7
5_25_12 9, 1, 5, 13, 10
5_31_22 15, 7, 11, 3, 4
2_28_04 1, 9
4_31_12 10, 2, 6, 14
6_17_10 6, 14, 2, 10, 7, 15
7_11_06 6, 14, 2, 10, 15, 7, 11
3_17_06 4, 12, 16
4_15_14 11, 3, 7, 15
6_23_10 7, 15, 3, 11, 8, 16
7_3_14 8, 16, 4, 12, 1, 9, 13
4_31_20 14, 6, 10, 2
8_25_08 7, 15, 3, 11, 8, 16, 4, 12
1_28_12 13
2_16_04 2, 10
1_14_00 16
5_28_02 4, 12, 16, 8, 9
5_15_02 5, 13, 1, 9, 10
2_25_08 7, 15
3_19_12 7, 15, 11
7_25_02 4, 12, 16, 8, 5, 13, 1
3_3_10 6, 14, 10
8_8_10 7, 15, 3, 11, 8, 16, 4, 12
7_15_20 14, 6, 10, 2, 3, 11, 15
2_19_04 3, 11
7_12_14 10, 2, 6, 14, 15, 7, 11
6_23_08 6, 14, 2, 10, 7, 15
4_9_14 10, 2, 6, 14
6_26_18 12, 4, 8, 16, 9, 1
5_31_10 9, 1, 5, 13, 14
4_27_22 14, 6, 10, 2
2_10_00 15, 7
6_14_00 4, 12, 16, 8, 13, 5
1_15_10 1
3_22_18 7, 15, 3
1_18_08 1
8_13_12 10, 2, 6, 14, 7, 15, 3, 11
7_22_10 7, 15, 3, 11, 4, 12, 16
2_27_12 9, 1
3_7_00 2, 10, 6
8_5_10 7, 15, 3, 11, 8, 16, 4, 12
3_18_22 8, 16, 4
7_28_04 5, 13, 1, 9, 10, 2, 6
6_5_08 6, 14, 2, 10, 7, 15
4_5_00 2, 10, 14, 6
5_5_06 5, 13, 1, 9, 6
7_12_22 14, 6, 10, 2, 3, 11, 15
7_9_20 13, 5, 9, 1, 14, 6, 10
8_28_02 4, 12, 16, 8, 5, 13, 1, 9
3_3_14 8, 16, 12
5_7_08 6, 14, 2, 10, 15
1_8_08 10
3_25_10 8, 16, 4
7_15_22 15, 7, 11, 3, 4, 12, 16
1_22_22 9
1_10_10 4
1_2_00 13
3_7_02 3, 11, 7
3_21_20 12, 4, 8
4_30_06 7, 15, 3, 11
5_3_10 6, 14, 2, 10, 15
5_23_00 2, 10, 14, 6, 11
2_24_16 6, 14
2_27_22 14, 6
2_6_02 15, 7
7_23_12 8, 16, 4, 12, 1, 9, 13
5_29_02 5, 13, 1, 9, 2
4_10_00 3, 11, 15, 7
1_3_16 1
7_11_02 4, 12, 16, 8, 13, 5, 9
8_27_04 5, 13, 1, 9, 6, 14, 2, 10
3_18_08 1, 9, 13
2_23_20 12, 4
8_28_16 11, 3, 7, 15, 12, 4, 8, 16
2_8_08 2, 10
3_8_20 8, 16, 12
7_24_22 13, 5, 9, 1, 2, 10, 14
7_1_02 2, 10, 14, 6, 3, 11, 15
6_11_08 7, 15, 3, 11, 8, 16
5_29_08 8, 16, 4, 12, 5
2_23_14 9, 1
6_29_06 7, 15, 3, 11, 4, 12
4_15_12 10, 2, 6, 14
3_13_00 4,12, 16
3_28_04 1, 9, 5
8_20_06 4, 12, 16, 8, 5, 13, 1, 9
5_20_14 8, 16, 4, 12, 13
4_10_10 8, 16, 4, 12
1_23_08 14
8_24_02 3, 11, 15, 7, 4, 12, 16, 8
8_2_14 8, 16, 4, 12, 9, 1, 5, 13
5_29_00 4, 12, 16, 8, 1
6_16_20 14, 6, 10, 2, 7, 15
1_25_22 14
8_31_08 8, 16, 4, 12, 5, 13, 1, 9
1_8_00 6
7_17_00 1, 9, 13, 5, 2, 10, 14
4_12_10 8, 16, 4, 12
6_16_02 5, 13, 1, 9, 14, 6
7_24_10 7, 15, 3, 11, 12, 4, 8
3_5_12 8, 16, 4
3_26_04 1, 9, 13
3_27_06 6, 14, 10
5_13_20 14, 6, 10, 2, 11
5_21_12 8, 16, 4, 12, 9
4_14_20 14, 6, 10, 2
5_26_12 9, 1, 5, 13, 6
4_2_20 11, 3, 7, 15
5_14_18 13, 5, 9, 1, 6
6_7_00 2, 10, 14, 6, 3, 11
6_16_14 11, 3, 7, 15, 4, 12
3_12_08 3, 11, 7
2_4_08 1, 9
5_22_12 8, 16, 4, 12, 5
4_26_20 13, 5, 9, 1
6_1_04 3, 11, 15, 7, 4, 12
4_13_04 6, 14, 2, 10
3_30_02 1, 9, 13
8_18_10 6, 14, 2, 10, 7, 15, 3, 11
3_25_18 12, 4, 8
4_1_22 12, 4, 8, 16
8_23_16 10, 2, 6, 14, 11, 3, 7, 15
5_1_20 11, 3, 7, 15, 12
1_12_14 14
5_26_00 3, 11, 15, 7, 16
5_9_10 8, 16, 4, 12, 9
8_30_14 11, 3, 7, 15, 8, 16, 4, 12
7_21_20 12, 4, 8, 16, 13, 5, 9
6_19_22 12, 4, 8, 16, 13, 5
8_19_06 4, 12, 16, 8, 5, 13, 1, 9
1_2_14 4
1_12_00 7
1_13_16 12
7_4_16 9, 1, 5, 13, 14, 6, 10
5_14_12 10, 2, 6, 14, 3
8_27_10 8, 16, 4, 12, 9, 1, 5, 13
7_6_20 12, 4, 8, 16, 9, 1, 5
4_18_18 10, 2, 6, 14
3_11_10 8, 16, 12
4_19_12 7, 15, 3, 11
4_30_20 14, 6, 10, 2
7_23_16 10, 2, 6, 14, 3, 11, 15
5_31_04 6, 14, 2, 10, 11
2_6_12 4, 12
7_15_06 7, 15, 3, 11, 12, 4, 8
3_27_16 11, 3, 15
7_28_06 6, 14, 2, 10, 11, 3, 7
7_9_02 4, 12, 16, 8, 5, 13, 1
6_19_04 3, 11, 15, 7, 4, 12
6_27_10 8, 16, 4, 12, 9, 1
8_8_12 8, 16, 4, 12, 9, 1, 5, 13
5_1_00 1, 9, 13, 5, 2
8_30_04 6, 14, 2, 10, 3, 11, 15, 7
2_10_02 16, 8
4_29_04 6, 14, 2, 10
4_29_10 9, 1, 5, 13
6_8_22 13, 5, 9, 1, 10, 2
5_30_20 14, 6, 10, 2, 7
6_17_08 5, 13, 1, 9, 6, 14
7_18_06 4, 12, 16, 8, 1, 9, 13
8_26_14 10, 2, 6, 14, 11, 3, 7, 15
1_10_22 10
5_12_20 13, 5, 9, 1, 2
6_3_22 12, 4, 8, 16, 13, 5
7_20_06 4, 12, 16, 8, 9, 1, 5
8_23_06 5, 13, 1, 9, 6, 14, 2, 10
5_20_12 7, 15, 3, 11, 12
7_14_14 11, 3, 7, 15, 4, 12, 16
4_8_00 2, 10, 14, 6
7_7_08 6, 14, 2, 10, 15, 7, 11
1_24_08 10
5_20_18 10, 2, 6, 14, 15
3_15_14 11, 3, 15
3_9_14 10, 2, 6
8_30_00 4, 12, 16, 8, 1, 9, 13, 5
1_11_10 16
8_12_14 10, 2, 6, 14, 11, 3, 7, 15
8_29_14 11, 3, 7, 15, 8, 16, 4, 12
6_27_16 11, 3, 7, 15, 12, 4
6_17_20 11, 3, 7, 15, 12, 4
2_12_16 7, 15
4_23_14 9, 1, 5, 13
1_5_12 8
5_26_16 11, 3, 7, 15, 8
8_23_08 6, 14, 2, 10, 7, 15, 3, 11
1_24_22 1
6_1_14 8, 16, 4, 12, 9, 1
3_15_06 7, 15, 11
8_23_02 3, 11, 15, 7, 4, 12, 16, 8
3_17_14 8, 16, 4
1_18_12 3
6_14_10 9, 1, 5, 13, 2, 10
5_7_14 9, 1, 5, 13, 2
6_27_20 13, 5, 9, 1, 14, 6
8_7_14 9, 1, 5, 13, 10, 2, 6, 14
6_22_14 9, 1, 5, 13, 6, 14
8_12_10 8, 16, 4, 12, 9, 1, 5, 13
3_25_00 3, 11, 15
2_15_12 10, 2
2_18_22 8, 16
3_4_08 1, 9, 5
4_2_10 6, 14, 2, 10
2_27_04 5, 13
1_26_10 4
3_10_02 16, 8, 12
8_10_20 13, 5, 9, 1, 14, 6, 10, 2
8_17_08 5, 13, 1, 9, 6, 14, 2, 10
2_5_08 6, 14
1_24_16 14
3_4_22 8, 16, 12
3_9_12 9, 1, 5
2_29_10 9, 1
1_15_00 12
5_17_12 7, 15, 3, 11, 8
5_21_20 12, 4, 8, 16, 13
5_24_18 11, 3, 7, 15, 16
8_9_06 6, 14, 2, 10, 7, 15, 3, 11
8_6_08 6, 14, 2, 10, 7, 15, 3, 11
8_10_08 7, 15, 3, 11, 8, 16, 4, 12
2_6_04 16, 8
8_21_08 6, 14, 2, 10, 7, 15, 3, 11
5_13_16 12, 4, 8, 16, 9
1_10_02 16
1_19_22 4
7_5_18 11, 3, 7, 15, 12, 4, 8
3_7_18 11, 3, 15
3_5_04 4, 12, 16
7_31_20 14, 6, 10, 2, 3, 11, 15
3_9_00 3, 11, 15
8_4_18 10, 2, 6, 14, 11, 3, 7, 15
1_23_04 12
4_17_00 1, 9, 13, 5
5_3_08 5, 13, 1, 9, 14
4_1_08 5, 13, 1, 9
6_1_08 5, 13, 1, 9, 6, 14
6_9_04 5, 13, 1, 9, 6, 14
1_21_04 4
3_6_10 3, 11, 15
5_19_12 7, 15, 3, 11, 16
3_24_14 5, 13, 9
8_26_00 3, 11, 15, 7, 4, 12, 16, 8
8_15_14 11, 3, 7, 15, 8, 16, 4, 12
2_1_06 4, 12
5_18_16 9, 1, 5, 13, 6
2_6_10 3, 11
3_8_10 3, 11, 7
3_15_10 9, 1, 13
4_23_08 6, 14, 2, 10
3_9_16 11, 3, 7
3_12_04 1, 9, 5
2_5_12 8, 16
1_21_20 12
2_17_10 6, 14
5_19_02 2, 10, 14, 6, 11
8_16_12 10, 2, 6, 14, 7, 15, 3, 11
8_23_14 9, 1, 5, 13, 10, 2, 6, 14
1_5_14 9
4_15_00 4,12, 16, 8
3_31_22 15, 7, 3
3_25_14 10, 2, 6
4_4_06 4, 12, 16, 8
8_8_06 5, 13, 1, 9, 6, 14, 2, 10
8_2_04 3, 11, 15, 7, 4, 12, 16, 8
1_19_12 15
6_13_12 10, 2, 6, 14, 7, 15
4_11_20 13, 5, 9, 1
7_10_10 8, 16, 4, 12, 5, 13, 1
8_6_16 10, 2, 6, 14, 11, 3, 7, 15
6_20_22 12, 4, 8, 16, 9, 1
7_6_08 6, 14, 2, 10, 3, 11, 15
7_26_14 10, 2, 6, 14, 7, 15, 3
6_16_12 10, 2, 6, 14, 3, 11
8_22_08 6, 14, 2, 10, 7, 15, 3, 11
3_16_12 6, 14, 10
4_6_22 13, 5, 9, 1
1_17_02 2
2_3_14 8, 16
5_18_10 6, 14, 2, 10, 3
3_29_00 4,12, 16
4_17_08 5, 13, 1, 9
8_12_06 6, 14, 2, 10, 7, 15, 3, 11
6_4_00 1, 9, 13, 5, 14, 6
4_16_04 6, 14, 2, 10
2_30_16 8, 16
4_30_04 6, 14, 2, 10
2_21_12 8, 16
7_28_18 12, 4, 8, 16, 1, 9, 13
6_8_04 4, 12, 16, 8, 1, 9
3_3_02 2, 10, 6
3_5_16 10, 2, 6
1_1_12 7
5_11_22 14, 6, 10, 2, 7
7_29_20 14, 6, 10, 2, 11, 3, 7
5_28_12 9, 1, 5, 13, 14
6_8_08 6, 14, 2, 10, 3, 11
1_28_10 12
5_2_20 11, 3, 7, 15, 8
4_22_16 10, 2, 6, 14
1_31_16 4
8_9_18 12, 4, 8, 16, 13, 5, 9, 1
3_20_20 7, 15, 11
4_11_04 5, 13, 1, 9
7_29_10 9, 1, 5, 13, 6, 14, 2
6_12_18 12, 4, 8, 16, 9, 1
7_28_02 4, 12, 16, 8, 9, 1, 5
4_17_02 2, 10, 14, 6
6_13_16 12, 4, 8, 16, 9, 1
3_12_00 15, 7, 3
8_19_08 5, 13, 1, 9, 6, 14, 2, 10
6_27_02 4, 12, 16, 8, 5, 13
7_17_06 4, 12, 16, 8, 5, 13, 1
1_31_12 2
2_24_18 7, 15
8_1_02 2, 10, 14, 6, 3, 11, 15, 7
4_17_12 7, 15, 3, 11
4_25_18 12, 4, 8, 16
3_15_04 6, 14, 10
7_4_10 6, 14, 2, 10, 11, 3, 7
4_30_16 12, 4, 8, 16
1_12_16 15
6_11_12 9, 1, 5, 13, 10, 2
2_11_10 8, 16
1_4_18 14
5_30_16 12, 4, 8, 16, 5
6_12_00 3, 11, 15, 7, 16, 8
4_17_06 4, 12, 16, 8
8_12_22 14, 6, 10, 2, 15, 7, 11, 3
4_26_14 10, 2, 6, 14
6_6_20 12, 4, 8, 16, 9, 1
6_13_00 4, 12, 16, 8, 1, 9
7_28_22 14, 6, 10, 2, 3, 11, 15
4_9_12 9, 1, 5, 13
6_9_22 14, 6, 10, 2, 15, 7
8_7_20 12, 4, 8, 16, 13, 5, 9, 1
6_26_20 13, 5, 9, 1, 10, 2
6_30_10 9, 1, 5, 13, 2, 10
3_24_22 9, 1, 13
1_24_18 15
1_6_16 6
8_28_10 8, 16, 4, 12, 9, 1, 5, 13
8_29_02 5, 13, 1, 9, 2, 10, 14, 6
7_1_00 1, 9, 13, 5, 2, 10, 14
6_5_10 7, 15, 3, 11, 8, 16
7_4_04 3, 11, 15, 7, 8, 16, 4
6_30_14 11, 3, 7, 15, 4, 12
5_28_20 13, 5, 9, 1, 2
3_26_14 6, 14, 2
1_7_10 15
7_12_18 12, 4, 8, 16, 1, 9, 13
2_22_16 6, 14
7_7_06 5, 13, 1, 9, 14, 6, 10
6_28_10 8, 16, 4, 12, 5, 13
6_9_08 7, 15, 3, 11, 8, 16
3_13_16 12, 4, 8
1_6_02 15
2_31_22 15, 7
5_29_16 12, 4, 8, 16, 9
1_11_06 14
3_8_14 5, 13, 9
5_10_00 3, 11, 15, 7, 16
7_6_22 13, 5, 9, 1, 10, 2, 6
6_13_06 7, 15, 3, 11, 4, 12
1_11_18 4
2_14_08 4, 12
6_15_18 13, 5, 9, 1, 10, 2
1_30_06 3
3_29_08 8, 16, 4
8_13_16 12, 4, 8, 16, 9, 1, 5, 13
5_15_00 4, 12, 16, 8, 9
7_1_16 9, 1, 5, 13, 10, 2, 6
7_20_22 12, 4, 8, 16, 1, 9, 13
1_5_10 7
4_24_02 3, 11, 15, 7
4_18_02 2, 10, 14, 6
3_6_06 1, 9, 13
7_20_04 3, 11, 15, 7, 8, 16, 4
3_3_16 9, 1, 13
3_6_00 14, 6, 10
7_1_22 12, 4, 8, 16, 13, 5, 9
4_7_20 12, 4, 8, 16
5_26_20 13, 5, 9, 1, 10
6_18_04 3, 11, 15, 7, 16, 8
2_22_12 4, 12
8_22_10 7, 15, 3, 11, 8, 16, 4, 12
5_24_22 13, 5, 9, 1, 2
1_11_00 11
6_24_14 9, 1, 5, 13, 6, 14
7_24_06 5, 13, 1, 9, 10, 2, 6
5_13_22 15, 7, 11, 3, 12
1_20_18 14
6_1_22 12, 4, 8, 16, 13, 5
7_25_04 5, 13, 1, 9, 6, 14, 2
4_18_12 7, 15, 3, 11
6_11_02 4, 12, 16, 8, 5, 13
8_1_10 6, 14, 2, 10, 7, 15, 3, 11
5_14_06 7, 15, 3, 11, 16
7_15_08 8, 16, 4, 12, 13, 5, 9
6_10_12 9, 1, 5, 13, 6, 14
8_13_06 7, 15, 3, 11, 4, 12, 16, 8
4_9_22 14, 6, 10, 2
2_12_14 6, 14
2_24_22 9, 1
7_30_06 7, 15, 3, 11, 16, 8, 12
6_30_00 4, 12, 16, 8, 13, 5
4_5_20 12, 4, 8, 16
5_21_16 10, 2, 6, 14, 11
7_28_16 11, 3, 7, 15, 16, 8, 12
6_16_22 15, 7, 11, 3, 8, 16
3_28_06 2, 10, 6
8_23_22 13, 5, 9, 1, 14, 6, 10, 2
6_12_04 5, 13, 1, 9, 2, 10
1_25_08 7
1_4_08 9
6_31_18 13, 5, 9, 1, 10, 2
2_25_14 10, 2
6_27_06 6, 14, 2, 10, 7, 15
2_16_14 7, 15
8_11_20 13, 5, 9, 1, 14, 6, 10, 2
1_27_06 14
5_18_20 11, 3, 7, 15, 8
1_4_04 7
2_18_14 4, 12
2_3_10 6, 14
2_31_04 6, 14
6_13_22 15, 7, 11, 3, 12, 4
7_12_12 9, 1, 5, 13, 14, 6, 10
6_20_06 4, 12, 16, 8, 1, 9
7_13_00 4, 12, 16, 8, 1, 9, 13
8_8_18 11, 3, 7, 15, 12, 4, 8, 16
4_6_20 12, 4, 8, 16
1_7_18 3
7_29_12 10, 2, 6, 14, 7, 15, 3
7_13_08 8, 16, 4, 12, 5, 13, 1
3_14_18 9, 1, 5
7_1_14 8, 16, 4, 12, 9, 1, 5
5_26_18 12, 4, 8, 16, 9
7_9_00 3, 11, 15, 7, 4, 12, 16
3_2_08 1, 9, 13
4_16_20 14, 6, 10, 2
5_8_10 7, 15, 3, 11, 12
2_25_22 14, 6
6_9_12 9, 1, 5, 13, 10, 2
8_17_10 6, 14, 2, 10, 7, 15, 3, 11
8_19_20 11, 3, 7, 15, 12, 4, 8, 16
6_22_16 10, 2, 6, 14, 7, 15
3_1_14 8, 16, 4
2_30_08 4, 12
4_27_10 8, 16, 4, 12
8_16_04 6, 14, 2, 10, 3, 11, 15, 7
7_19_08 5, 13, 1, 9, 14, 6, 10
3_6_22 9, 1, 5
7_24_02 3, 11, 15, 7, 8, 16, 4
3_5_14 9, 1, 5
6_13_18 13, 5, 9, 1, 10, 2
4_7_08 6, 14, 2, 10
8_21_18 11, 3, 7, 15, 12, 4, 8, 16
5_21_06 5, 13, 1, 9, 6
8_26_12 9, 1, 5, 13, 10, 2, 6, 14
2_15_22 15, 7
2_15_00 4,12
6_15_08 8, 16, 4, 12, 5, 13
5_14_14 11, 3, 7, 15, 4
8_27_20 13, 5, 9, 1, 14, 6, 10, 2
7_31_00 4, 12, 16, 8, 9, 1, 5
5_5_22 13, 5, 9, 1, 14
1_3_08 13
8_6_04 4, 12, 16, 8, 5, 13, 1, 9
3_11_20 13, 5, 1
7_4_22 12, 4, 8, 16, 1, 9, 13
1_17_00 1
3_16_06 3, 11, 7
4_13_00 4,12, 16, 8
5_7_18 11, 3, 7, 15, 4
2_21_18 11, 3
5_7_10 7, 15, 3, 11, 16
5_19_04 3, 11, 15, 7, 12
6_6_18 11, 3, 7, 15, 8, 16
3_7_10 7, 15, 11
6_18_08 5, 13, 1, 9, 2, 10
3_19_04 3, 11, 7
8_23_00 2, 10, 14, 6, 3, 11, 15, 7
6_5_12 8, 16, 4, 12, 9, 1
5_10_02 4, 12, 16, 8, 1
7_29_00 4, 12, 16, 8, 1, 9, 13
7_7_10 7, 15, 3, 11, 16, 8, 12
4_9_18 12, 4, 8, 16
4_27_14 10, 2, 6, 14
3_26_20 9, 1, 5
4_2_18 10, 2, 6, 14
3_26_10 4, 12, 16
1_30_08 4
4_21_10 7, 15, 3, 11
5_2_16 9, 1, 5, 13, 6
7_19_14 8, 16, 4, 12, 1, 9, 13
6_6_22 13, 5, 9, 1, 10, 2
3_15_08 8, 16, 12
3_18_12 3, 11, 15
5_29_06 7, 15, 3, 11, 4
2_21_20 12, 4
5_1_22 12, 4, 8, 16, 13
4_19_16 9, 1, 5, 13
1_20_10 10
1_20_22 16
8_31_02 5, 13, 1, 9, 2, 10, 14, 6
6_9_16 11, 3, 7, 15, 12, 4
7_11_16 11, 3, 7, 15, 4, 12, 16
4_27_06 6, 14, 2, 10
8_4_14 8, 16, 4, 12, 9, 1, 5, 13
2_31_20 14, 6
1_14_04 2
6_15_02 5, 13, 1, 9, 2, 10
5_10_08 7, 15, 3, 11, 4
4_27_12 9, 1, 5, 13
5_9_18 12, 4, 8, 16, 13
5_26_10 8, 16, 4, 12, 5
2_5_10 7, 15
8_11_10 8, 16, 4, 12, 9, 1, 5, 13
8_31_20 14, 6, 10, 2, 11, 3, 7, 15
3_13_08 8, 16, 4
3_17_00 1, 9, 13
5_6_02 3, 11, 15, 7, 16
4_25_22 14, 6, 10, 2
7_13_14 11, 3, 7, 15, 8, 16, 4
6_2_04 3, 11, 15, 7, 16, 8
7_31_12 10, 2, 6, 14, 15, 7, 11
6_11_10 8, 16, 4, 12, 9, 1
2_22_00 14, 6
4_28_02 4, 12, 16, 8
5_2_12 7, 15, 3, 11, 4
2_26_20 9, 1
3_10_18 8, 16, 4
5_4_18 10, 2, 6, 14, 15
4_30_14 11, 3, 7, 15
8_25_14 10, 2, 6, 14, 11, 3, 7, 15
7_2_12 7, 15, 3, 11, 4, 12, 16
3_2_16 5, 13, 1
7_31_14 11, 3, 7, 15, 16, 8, 12
4_12_00 3, 11, 15, 7
8_9_14 10, 2, 6, 14, 11, 3, 7, 15
5_3_22 12, 4, 8, 16, 5
3_2_14 4, 12, 16
7_13_10 9, 1, 5, 13, 6, 14, 2
8_28_12 9, 1, 5, 13, 10, 2, 6, 14
5_4_14 8, 16, 4, 12, 13
7_17_14 8, 16, 4, 12, 9, 1, 5
3_12_20 9, 1, 13
1_17_10 6
2_30_00 16, 8
1_1_06 4
3_17_04 3, 11, 15
5_7_12 8, 16, 4, 12, 1
5_18_08 5, 13, 1, 9, 2
6_14_20 14, 6, 10, 2, 7, 15
1_2_08 1
3_20_02 14, 6, 2
3_29_04 6, 14, 2
2_26_10 4, 12
4_2_04 3, 11, 15, 7
5_3_20 11, 3, 7, 15, 4
2_5_02 3, 11
3_16_00 16, 8, 4
7_17_12 7, 15, 3, 11, 8, 16, 4
4_8_06 5, 13, 1, 9
5_28_14 10, 2, 6, 14, 15
3_30_14 7, 15, 3
8_14_16 12, 4, 8, 16, 9, 1, 5, 13
5_30_18 13, 5, 9, 1, 6
1_28_20 1
2_30_14 7, 15
5_3_18 10, 2, 6, 14, 3
3_30_12 6, 14, 2
4_19_00 1, 9, 13, 5
2_20_00 13, 5
7_14_06 7, 15, 3, 11, 16, 8, 12
8_28_20 13, 5, 9, 1, 14, 6, 10, 2
8_15_22 15, 7, 11, 3, 12, 4, 8, 16
1_6_08 2
5_25_06 6, 14, 2, 10, 7
5_6_08 6, 14, 2, 10, 3
8_26_20 13, 5, 9, 1, 14, 6, 10, 2
1_12_10 12
4_28_20 13, 5, 9, 1
4_4_00 1, 9, 13, 5
2_11_18 12, 4
7_8_18 11, 3, 7, 15, 16, 8, 12
6_26_08 7, 15, 3, 11, 4, 12
5_23_14 9, 1, 5, 13, 2
4_23_16 10, 2, 6, 14
3_27_12 9, 1, 13
7_24_18 11, 3, 7, 15, 16, 8, 12
2_11_20 13, 5
8_28_22 14, 6, 10, 2, 15, 7, 11, 3
8_12_16 11, 3, 7, 15, 12, 4, 8, 16
2_14_18 9, 1
5_16_00 4, 12, 16, 8, 5
1_6_10 3
3_27_20 13, 5, 1
8_12_12 9, 1, 5, 13, 10, 2, 6, 14
3_26_00 15, 7, 11
3_31_02 5, 13, 9
8_14_10 9, 1, 5, 13, 6, 14, 2, 10
6_15_16 12, 4, 8, 16, 9, 1
2_10_16 7, 15
8_1_00 1, 9, 13, 5, 2, 10, 14, 6
2_18_10 2, 10
3_24_02 15, 7, 3
1_29_14 11
1_8_20 16
1_16_18 1
5_18_12 7, 15, 3, 11, 4
1_3_02 10
6_28_22 14, 6, 10, 2, 11, 3
4_23_02 3, 11, 15, 7
7_1_10 6, 14, 2, 10, 7, 15, 3
4_26_04 5, 13, 1, 9
6_30_12 10, 2, 6, 14, 3, 11
3_18_04 15, 7, 11
5_19_14 8, 16, 4, 12, 1
6_6_04 4, 12, 16, 8, 1, 9
7_18_14 8, 16, 4, 12, 5, 13, 1
6_4_18 10, 2, 6, 14, 7, 15
1_20_12 11
6_2_02 2, 10, 14, 6, 15, 7
4_25_08 7, 15, 3, 11
6_1_20 11, 3, 7, 15, 12, 4
3_13_06 7, 15, 3
5_27_06 6, 14, 2, 10, 15
7_5_14 9, 1, 5, 13, 10, 2, 6
7_23_18 11, 3, 7, 15, 4, 12, 16
8_16_20 14, 6, 10, 2, 11, 3, 7, 15
8_29_22 15, 7, 11, 3, 12, 4, 8, 16
1_14_16 8
7_15_16 12, 4, 8, 16, 1, 9, 13
1_24_14 13
8_24_18 11, 3, 7, 15, 12, 4, 8, 16
3_1_08 5, 13, 1
1_8_10 11
8_24_04 4, 12, 16, 8, 5, 13, 1, 9
4_12_18 12, 4, 8, 16
6_17_18 10, 2, 6, 14, 11, 3
8_15_08 8, 16, 4, 12, 5, 13, 1, 9
6_25_04 5, 13, 1, 9, 6, 14
5_20_16 9, 1, 5, 13, 14
6_29_10 9, 1, 5, 13, 6, 14
4_16_00 4,12, 16, 8
4_28_00 3, 11, 15, 7
5_13_04 6, 14, 2, 10, 3
1_16_14 15
3_10_00 15, 7, 11
5_4_02 2, 10, 14, 6, 7
7_16_16 12, 4, 8, 16, 13, 5, 9
3_23_00 2, 10, 6
4_18_08 5, 13, 1, 9
7_21_22 13, 5, 9, 1, 14, 6, 10
8_1_20 11, 3, 7, 15, 12, 4, 8, 16
2_23_06 5, 13
3_31_08 8, 16, 12
8_27_16 11, 3, 7, 15, 12, 4, 8, 16
8_1_06 4, 12, 16, 8, 5, 13, 1, 9
1_7_06 13
4_9_02 4, 12, 16, 8
7_21_12 8, 16, 4, 12, 9, 1, 5
2_28_12 5, 13
1_2_04 15
5_27_04 5, 13, 1, 9, 14
5_19_08 5, 13, 1, 9, 14
7_15_14 11, 3, 7, 15, 16, 8, 12
6_9_10 8, 16, 4, 12, 9, 1
2_8_12 4, 12
7_18_04 3, 11, 15, 7, 16, 8, 12
3_11_22 14, 6, 2
5_6_22 13, 5, 9, 1, 10
5_27_20 13, 5, 9, 1, 6
7_27_12 9, 1, 5, 13, 2, 10, 14
5_5_00 2, 10, 14, 6, 3
7_31_10 9, 1, 5, 13, 14, 6, 10
8_19_16 9, 1, 5, 13, 10, 2, 6, 14
1_30_00 16
4_21_20 12, 4, 8, 16
6_15_04 6, 14, 2, 10, 3, 11
2_30_04 2, 10
5_7_04 4, 12, 16, 8, 13
4_1_20 11, 3, 7, 15
3_29_10 9, 1, 5
5_15_12 10, 2, 6, 14, 15
5_10_16 11, 3, 7, 15, 8
1_1_10 6
2_29_20 14, 6
3_11_12 9, 1, 13
2_1_10 6, 14
8_30_06 7, 15, 3, 11, 4, 12, 16, 8
2_19_02 2, 10
3_19_22 12, 4, 16
7_2_10 6, 14, 2, 10, 3, 11, 15
1_21_06 5
8_9_12 9, 1, 5, 13, 10, 2, 6, 14
6_28_00 3, 11, 15, 7, 16, 8
3_7_12 8, 16, 12
5_24_06 5, 13, 1, 9, 10
5_9_16 11, 3, 7, 15, 12
8_21_14 9, 1, 5, 13, 10, 2, 6, 14
1_9_18 12
5_30_10 9, 1, 5, 13, 2
3_10_04 1, 9, 13
3_24_20 8, 16, 12
1_19_02 10
6_13_10 9, 1, 5, 13, 6, 14
5_16_20 14, 6, 10, 2, 15
7_29_08 8, 16, 4, 12, 5, 13, 1
8_20_10 6, 14, 2, 10, 7, 15, 3, 11
5_29_22 15, 7, 11, 3, 12
2_9_20 13, 5
3_22_04 16, 8, 12
4_15_10 9, 1, 5, 13
7_3_12 7, 15, 3, 11, 16, 8, 12
8_14_08 8, 16, 4, 12, 5, 13, 1, 9
5_6_18 11, 3, 7, 15, 8
3_3_12 7, 15, 11
3_3_22 12, 4, 16
5_25_00 3, 11, 15, 7, 4
8_7_10 7, 15, 3, 11, 8, 16, 4, 12
4_29_06 7, 15, 3, 11
8_18_06 4, 12, 16, 8, 5, 13, 1, 9
7_21_04 4, 12, 16, 8, 5, 13, 1
7_18_00 1, 9, 13, 5, 14, 6, 10
7_27_04 5, 13, 1, 9, 14, 6, 10
4_8_14 9, 1, 5, 13
2_7_20 12, 4
3_20_10 2, 10, 6
4_29_20 14, 6, 10, 2
2_13_04 6, 14
6_12_02 4, 12, 16, 8, 1, 9
5_4_04 3, 11, 15, 7, 8
6_7_16 10, 2, 6, 14, 11, 3
5_22_06 5, 13, 1, 9, 2
1_14_06 3
7_15_18 13, 5, 9, 1, 2, 10, 14
6_11_06 6, 14, 2, 10, 7, 15
5_5_20 12, 4, 8, 16, 13
4_7_06 5, 13, 1, 9
8_4_06 4, 12, 16, 8, 5, 13, 1, 9
2_10_18 8, 16
2_22_20 8, 16
1_17_06 4
2_14_16 8, 16
5_8_06 5, 13, 1, 9, 10
8_20_04 3, 11, 15, 7, 4, 12, 16, 8
3_30_22 11, 3, 7
8_15_16 12, 4, 8, 16, 9, 1, 5, 13
2_22_02 15, 7
8_5_04 4, 12, 16, 8, 5, 13, 1, 9
1_18_06 16
2_7_10 7, 15
3_26_22 10, 2, 6
6_25_18 12, 4, 8, 16, 13, 5
6_18_06 4, 12, 16, 8, 1, 9
1_18_10 2
5_17_18 10, 2, 6, 14, 11
2_8_16 6, 14
1_17_16 9
6_23_20 12, 4, 8, 16, 13, 5
5_27_02 4, 12, 16, 8, 13
3_14_02 1, 9, 13
2_21_08 6, 14
7_16_22 15, 7, 11, 3, 16, 8, 12
2_29_06 7, 15
7_27_06 6, 14, 2, 10, 15, 7, 11
6_25_08 7, 15, 3, 11, 8, 16
2_28_06 2, 10
8_12_02 4, 12, 16, 8, 5, 13, 1, 9
8_22_22 13, 5, 9, 1, 14, 6, 10, 2
3_23_02 3, 11, 7
2_19_10 6, 14
4_4_10 6, 14, 2, 10
6_26_04 5, 13, 1, 9, 2, 10
4_26_08 7, 15, 3, 11
6_16_04 6, 14, 2, 10, 15, 7
7_29_14 11, 3, 7, 15, 8, 16, 4
3_5_08 6, 14, 2
4_23_06 5, 13, 1, 9
1_25_20 13
4_8_12 8, 16, 4, 12
3_31_12 10, 2, 14
7_9_08 7, 15, 3, 11, 8, 16, 4
2_24_14 5, 13
4_1_10 6, 14, 2, 10
4_14_16 12, 4, 8, 16
5_2_14 8, 16, 4, 12, 5
4_18_20 11, 3, 7, 15
2_3_18 10, 2
5_14_00 4, 12, 16, 8, 13
8_19_00 1, 9, 13, 5, 2, 10, 14, 6
4_4_14 8, 16, 4, 12
7_23_10 7, 15, 3, 11, 16, 8, 12
7_16_00 4, 12, 16, 8, 5, 13, 1
2_18_02 14, 6
8_14_14 11, 3, 7, 15, 8, 16, 4, 12
7_11_00 3, 11, 15, 7, 12, 4, 8
6_24_06 5, 13, 1, 9, 2, 10
1_26_12 5
3_6_08 2, 10, 14
5_28_22 14, 6, 10, 2, 3
6_8_18 11, 3, 7, 15, 8, 16
4_13_18 13, 5, 9, 1
4_6_00 2, 10, 14, 6
4_24_22 13, 5, 9, 1
6_22_10 7, 15, 3, 11, 4, 12
6_22_08 6, 14, 2, 10, 3, 11
5_13_12 10, 2, 6, 14, 7
3_2_00 13, 5, 9
8_25_00 3, 11, 15, 7, 4, 12, 16, 8
3_6_04 16, 8, 12
8_18_04 3, 11, 15, 7, 4, 12, 16, 8
8_10_10 8, 16, 4, 12, 9, 1, 5, 13
6_29_18 13, 5, 9, 1, 10, 2
6_22_02 3, 11, 15, 7, 16, 8
1_13_08 8
7_6_16 10, 2, 6, 14, 7, 15, 3
8_27_22 14, 6, 10, 2, 15, 7, 11, 3
2_19_00 1, 9
3_14_22 11, 3, 7
8_3_02 2, 10, 14, 6, 3, 11, 15, 7
8_22_20 12, 4, 8, 16, 13, 5, 9, 1
1_15_08 16
4_21_12 8, 16, 4, 12
1_14_20 10
6_11_00 3, 11, 15, 7, 4, 12
6_11_20 13, 5, 9, 1, 14, 6
3_18_10 2, 10, 14
7_16_06 7, 15, 3, 11, 8, 16, 4
7_20_02 2, 10, 14, 6, 7, 15, 3
2_12_22 10, 2
1_13_14 11
7_5_04 4, 12, 16, 8, 5, 13, 1
1_28_04 9
1_28_08 11
1_27_14 2
5_1_06 4, 12, 16, 8, 5
3_15_20 14, 6, 2
7_9_18 12, 4, 8, 16, 13, 5, 9
1_15_04 14
3_30_06 3, 11, 15
7_13_04 6, 14, 2, 10, 3, 11, 15
8_21_22 13, 5, 9, 1, 14, 6, 10, 2
4_3_16 9, 1, 5, 13
4_16_18 13, 5, 9, 1
1_8_18 15
4_14_06 7, 15, 3, 11
6_19_00 1, 9, 13, 5, 2, 10
7_4_20 11, 3, 7, 15, 16, 8, 12
3_10_16 7, 15, 3
5_7_06 5, 13, 1, 9, 14
1_24_04 8
8_10_18 12, 4, 8, 16, 13, 5, 9, 1
1_19_06 12
1_25_00 3
4_25_20 13, 5, 9, 1
2_2_16 5, 13
6_13_20 14, 6, 10, 2, 11, 3
3_2_02 14, 6, 10
5_9_20 13, 5, 9, 1, 14
8_31_12 10, 2, 6, 14, 7, 15, 3, 11
3_14_12 6, 14, 2
1_29_12 10
3_1_04 3, 11, 15
6_14_16 12, 4, 8, 16, 5, 13
4_18_22 12, 4, 8, 16
2_11_06 6, 14
8_14_18 13, 5, 9, 1, 10, 2, 6, 14
4_19_10 6, 14, 2, 10
3_29_02 5, 13, 1
8_19_12 7, 15, 3, 11, 8, 16, 4, 12
6_14_02 5, 13, 1, 9, 14, 6
6_15_06 7, 15, 3, 11, 4, 12
5_15_14 11, 3, 7, 15, 16
6_28_14 10, 2, 6, 14, 7, 15
7_24_20 12, 4, 8, 16, 1, 9, 13
7_11_04 5, 13, 1, 9, 14, 6, 10
2_29_22 15, 7
5_3_14 8, 16, 4, 12, 1
6_25_00 3, 11, 15, 7, 4, 12
1_19_04 11
8_20_16 9, 1, 5, 13, 10, 2, 6, 14
1_19_16 1
8_21_00 2, 10, 14, 6, 3, 11, 15, 7
2_26_14 6, 14
7_14_16 12, 4, 8, 16, 5, 13, 1
1_10_20 9
2_23_00 2, 10
2_2_20 7, 15
1_22_16 6
4_28_08 7, 15, 3, 11
2_19_14 8, 16
4_5_02 3, 11, 15, 7
5_31_12 10, 2, 6, 14, 15
1_16_02 9
1_5_06 5
3_24_16 6, 14, 10
4_21_08 6, 14, 2, 10
3_1_20 11, 3, 7
8_1_18 10, 2, 6, 14, 11, 3, 7, 15
1_29_08 8
4_2_22 12, 4, 8, 16
5_12_02 4, 12, 16, 8, 9
1_15_12 2
6_1_00 1, 9, 13, 5, 2, 10
7_21_16 10, 2, 6, 14, 11, 3, 7
2_26_02 16, 8
7_18_16 9, 1, 5, 13, 6, 14, 2
4_29_16 12, 4, 8, 16
7_27_22 14, 6, 10, 2, 7, 15, 3
1_5_00 2
4_29_08 8, 16, 4, 12
6_19_14 8, 16, 4, 12, 9, 1
8_2_00 1, 9, 13, 5, 2, 10, 14, 6
4_4_22 12, 4, 8, 16
6_12_20 13, 5, 9, 1, 10, 2
6_6_00 2, 10, 14, 6, 15, 7
5_25_20 13, 5, 9, 1, 14
2_15_04 6, 14
1_11_22 6
1_9_02 4
4_9_00 3, 11, 15, 7
5_10_22 14, 6, 10, 2, 11
6_31_02 5, 13, 1, 9, 2, 10
8_25_20 13, 5, 9, 1, 14, 6, 10, 2
2_25_12 9, 1
1_23_18 3
2_1_02 2, 10
8_15_20 14, 6, 10, 2, 11, 3, 7, 15
6_29_20 14, 6, 10, 2, 11, 3
4_12_22 14, 6, 10, 2
3_19_08 5, 13, 9
8_19_14 8, 16, 4, 12, 9, 1, 5, 13
6_30_16 12, 4, 8, 16, 5, 13
4_29_14 11, 3, 7, 15
4_4_16 9, 1, 5, 13
2_2_06 16, 8
8_26_10 8, 16, 4, 12, 9, 1, 5, 13
8_7_12 8, 16, 4, 12, 9, 1, 5, 13
6_7_06 5, 13, 1, 9, 6, 14
2_31_08 8, 16
4_25_10 8, 16, 4, 12
6_8_10 7, 15, 3, 11, 4, 12
1_29_10 9
2_6_18 7, 15
6_20_02 2, 10, 14, 6, 15, 7
2_3_22 12, 4
6_24_22 13, 5, 9, 1, 10, 2
6_16_00 4, 12, 16, 8, 13, 5
1_9_12 9
4_15_22 15, 7, 11, 3
3_26_08 3, 11, 15
1_22_12 4
5_5_12 8, 16, 4, 12, 9
1_29_22 15
2_4_22 8, 16
6_20_16 9, 1, 5, 13, 6, 14
2_2_08 1, 9
2_14_02 1, 9
7_2_22 12, 4, 8, 16, 9, 1, 5
3_20_18 6, 14, 10
4_7_00 2, 10, 14, 6
7_21_18 11, 3, 7, 15, 12, 4, 8
3_17_02 2, 10, 14
2_30_12 6, 14
4_15_06 7, 15, 3, 11
2_27_20 13, 5
5_31_18 13, 5, 9, 1, 2
1_23_00 10
2_1_04 3, 11
8_13_18 13, 5, 9, 1, 10, 2, 6, 14
2_5_16 10, 2
7_9_22 14, 6, 10, 2, 15, 7, 11
7_27_02 4, 12, 16, 8, 13, 5, 9
6_10_16 11, 3, 7, 15, 8, 16
1_2_16 5
2_22_22 9, 1
5_5_18 11, 3, 7, 15, 12
2_14_22 11, 3
1_3_06 12
3_15_18 13, 5, 1
3_19_06 4, 12, 8
5_17_08 5, 13, 1, 9, 6
7_14_18 13, 5, 9, 1, 6, 14, 2
3_14_00 16, 8, 12
7_21_00 2, 10, 14, 6, 3, 11, 15
2_9_12 9, 1
1_31_22 7
5_1_12 7, 15, 3, 11, 8
4_17_14 8, 16, 4, 12
4_3_20 11, 3, 7, 15
8_6_10 7, 15, 3, 11, 8, 16, 4, 12
1_31_04 14
1_11_02 12
2_21_14 9, 1
2_30_10 5, 13
1_26_14 6
7_27_10 8, 16, 4, 12, 1, 9, 13
7_13_22 15, 7, 11, 3, 12, 4, 8
5_14_08 8, 16, 4, 12, 1
1_15_20 6
6_19_06 4, 12, 16, 8, 5, 13
2_14_14 7, 15
5_13_00 4, 12, 16, 8, 1
7_19_18 10, 2, 6, 14, 3, 11, 15
7_8_20 12, 4, 8, 16, 1, 9, 13
8_7_00 2, 10, 14, 6, 3, 11, 15, 7
2_28_14 6, 14
3_19_18 10, 2, 14
4_26_12 9, 1, 5, 13
5_16_22 15, 7, 11, 3, 16
4_16_22 15, 7, 11, 3
4_8_18 11, 3, 7, 15
6_14_06 7, 15, 3, 11, 16, 8
3_15_00 4,12, 8
3_17_10 6, 14, 2
4_30_08 8, 16, 4, 12
7_10_14 10, 2, 6, 14, 7, 15, 3
8_3_16 9, 1, 5, 13, 10, 2, 6, 14
2_13_18 13, 5
4_29_00 4,12, 16, 8
3_31_14 11, 3, 15
6_4_16 9, 1, 5, 13, 6, 14
4_17_04 3, 11, 15, 7
8_9_10 8, 16, 4, 12, 9, 1, 5, 13
8_2_12 7, 15, 3, 11, 8, 16, 4, 12
3_25_06 6, 14, 2
4_28_16 11, 3, 7, 15
5_21_18 11, 3, 7, 15, 12
8_1_16 9, 1, 5, 13, 10, 2, 6, 14
8_22_00 2, 10, 14, 6, 3, 11, 15, 7
4_8_22 13, 5, 9, 1
4_22_00 2, 10, 14, 6
8_16_08 8, 16, 4, 12, 5, 13, 1, 9
4_13_22 15, 7, 11, 3
3_22_02 15, 7, 11
6_12_10 8, 16, 4, 12, 5, 13
5_14_10 9, 1, 5, 13, 2
2_19_06 4, 12
6_24_18 11, 3, 7, 15, 8, 16
6_28_12 9, 1, 5, 13, 6, 14
3_19_20 11, 3, 15
6_30_18 13, 5, 9, 1, 6, 14
2_10_14 6, 14
7_10_04 5, 13, 1, 9, 2, 10, 14
6_3_04 3, 11, 15, 7, 4, 12
4_6_10 7, 15, 3, 11
6_1_12 7, 15, 3, 11, 8, 16
5_31_02 5, 13, 1, 9, 10
7_19_00 1, 9, 13, 5, 10, 2, 6
1_16_16 16
7_26_10 8, 16, 4, 12, 5, 13, 1
4_5_22 13, 5, 9, 1
3_29_22 15, 7, 11
8_10_22 14, 6, 10, 2, 15, 7, 11, 3
8_24_10 7, 15, 3, 11, 8, 16, 4, 12
5_7_02 3, 11, 15, 7, 12
5_6_00 2, 10, 14, 6, 15
8_12_20 13, 5, 9, 1, 14, 6, 10, 2
7_3_06 4, 12, 16, 8, 13, 5, 9
1_28_00 7
5_17_22 12, 4, 8, 16, 13
5_5_04 4, 12, 16, 8, 5
4_12_20 13, 5, 9, 1
6_8_02 3, 11, 15, 7, 16, 8
5_12_18 12, 4, 8, 16, 1
1_5_22 13
3_11_06 6, 14, 10
6_11_22 14, 6, 10, 2, 15, 7
8_17_14 8, 16, 4, 12, 9, 1, 5, 13
3_26_02 16, 8, 12
4_3_18 10, 2, 6, 14
8_21_10 7, 15, 3, 11, 8, 16, 4, 12
5_28_08 7, 15, 3, 11, 12
5_8_22 13, 5, 9, 1, 2
1_1_18 10
3_13_04 6, 14, 2
1_22_04 16
2_30_06 3, 11
1_30_16 8
4_13_14 11, 3, 7, 15
4_9_20 13, 5, 9, 1
4_16_06 7, 15, 3, 11
8_23_18 11, 3, 7, 15, 12, 4, 8, 16
3_7_20 12, 4, 16
4_6_14 9, 1, 5, 13
6_3_12 7, 15, 3, 11, 8, 16
2_27_00 3, 11
2_9_10 8, 16
5_21_04 4, 12, 16, 8, 5
6_3_10 6, 14, 2, 10, 7, 15
3_18_14 4, 12, 16
6_18_18 10, 2, 6, 14, 7, 15
2_1_16 9, 1
3_5_18 11, 3, 7
3_9_22 14, 6, 10
2_8_18 7, 15
2_2_14 4, 12
5_17_04 3, 11, 15, 7, 4
2_10_12 5, 13
5_6_10 7, 15, 3, 11, 4
5_16_02 5, 13, 1, 9, 6
3_6_14 5, 13, 1
1_26_22 10
6_19_10 6, 14, 2, 10, 7, 15
2_10_08 3, 11
7_14_02 5, 13, 1, 9, 14, 6, 10
8_17_16 9, 1, 5, 13, 10, 2, 6, 14
8_18_00 1, 9, 13, 5, 2, 10, 14, 6
6_29_00 4, 12, 16, 8, 1, 9
8_1_08 5, 13, 1, 9, 6, 14, 2, 10
5_9_06 6, 14, 2, 10, 7
3_10_14 6, 14, 2
4_13_12 10, 2, 6, 14
7_8_06 5, 13, 1, 9, 10, 2, 6
3_4_20 7, 15, 11
4_2_14 8, 16, 4, 12
8_5_14 9, 1, 5, 13, 10, 2, 6, 14
1_29_04 6
5_25_22 14, 6, 10, 2, 15
7_10_18 12, 4, 8, 16, 9, 1, 5
6_26_14 10, 2, 6, 14, 7, 15
4_24_18 11, 3, 7, 15
5_8_02 3, 11, 15, 7, 8
6_22_12 8, 16, 4, 12, 5, 13
6_23_04 4, 12, 16, 8, 5, 13
6_27_08 7, 15, 3, 11, 8, 16
1_16_06 11
8_11_12 9, 1, 5, 13, 10, 2, 6, 14
3_8_08 2, 10, 6
5_15_20 14, 6, 10, 2, 3
3_30_00 16, 8, 12
4_1_06 4, 12, 16, 8
4_26_22 14, 6, 10, 2
7_4_06 4, 12, 16, 8, 9, 1, 5
7_6_00 2, 10, 14, 6, 15, 7, 11
3_31_06 7, 15, 11
8_16_14 11, 3, 7, 15, 8, 16, 4, 12
7_7_00 2, 10, 14, 6, 11, 3, 7
5_2_18 10, 2, 6, 14, 7
7_1_08 5, 13, 1, 9, 6, 14, 2
6_17_22 12, 4, 8, 16, 13, 5
4_20_10 6, 14, 2, 10
5_6_16 10, 2, 6, 14, 7
8_5_08 6, 14, 2, 10, 7, 15, 3, 11
2_4_06 16, 8
1_9_10 8
5_20_04 3, 11, 15, 7, 8
7_22_18 11, 3, 7, 15, 8, 16, 4
1_10_08 3
6_20_10 6, 14, 2, 10, 3, 11
1_21_10 7
2_13_14 11, 3
1_12_12 13
8_16_16 12, 4, 8, 16, 9, 1, 5, 13
1_18_20 7
8_8_22 13, 5, 9, 1, 14, 6, 10, 2
8_3_20 11, 3, 7, 15, 12, 4, 8, 16
7_20_12 7, 15, 3, 11, 12, 4, 8
3_5_06 5, 13, 1
2_3_02 2, 10
6_8_14 9, 1, 5, 13, 6, 14
6_29_16 12, 4, 8, 16, 9, 1
5_7_16 10, 2, 6, 14, 3
5_10_20 13, 5, 9, 1, 10
2_18_04 15, 7
5_24_16 10, 2, 6, 14, 15
8_25_18 12, 4, 8, 16, 13, 5, 9, 1
5_15_18 13, 5, 9, 1, 2
3_26_16 7, 15, 3
7_7_14 9, 1, 5, 13, 2, 10, 14
5_6_20 12, 4, 8, 16, 9
7_16_14 11, 3, 7, 15, 12, 4, 8
7_18_12 7, 15, 3, 11, 4, 12, 16
6_15_22 15, 7, 11, 3, 12, 4
3_22_12 4, 12, 16
5_12_12 9, 1, 5, 13, 14
8_11_22 14, 6, 10, 2, 15, 7, 11, 3
7_3_18 10, 2, 6, 14, 3, 11, 15
3_17_20 11, 3, 7
3_18_06 16, 8, 12
2_22_14 5, 13
4_24_16 10, 2, 6, 14
4_1_12 7, 15, 3, 11
6_10_10 8, 16, 4, 12, 5, 13
8_7_02 3, 11, 15, 7, 4, 12, 16, 8
2_10_20 9, 1
2_26_18 8, 16
2_24_08 2, 10
1_14_22 11
6_18_14 8, 16, 4, 12, 5, 13
3_4_00 13, 5, 1
6_7_14 9, 1, 5, 13, 10, 2
3_19_10 6, 14, 10
4_10_06 6, 14, 2, 10
5_2_00 1, 9, 13, 5, 14
3_8_18 7, 15, 11
8_31_10 9, 1, 5, 13, 6, 14, 2, 10
5_15_04 6, 14, 2, 10, 11
1_11_14 2
6_10_20 13, 5, 9, 1, 10, 2
5_11_16 11, 3, 7, 15, 4
3_15_22 15, 7, 3
3_23_10 7, 15, 11
8_22_04 4, 12, 16, 8, 5, 13, 1, 9
8_8_02 3, 11, 15, 7, 4, 12, 16, 8
1_18_16 5
6_23_02 3, 11, 15, 7, 4, 12
1_13_10 9
8_3_06 4, 12, 16, 8, 5, 13, 1, 9
1_9_00 3
3_4_16 5, 13, 9
2_13_10 9, 1
3_24_06 1, 9, 5
2_13_16 12, 4
1_25_10 8
6_30_22 15, 7, 11, 3, 8, 16
6_18_16 9, 1, 5, 13, 6, 14
5_9_02 4, 12, 16, 8, 5
7_15_04 6, 14, 2, 10, 11, 3, 7
3_17_18 10, 2, 6
2_8_20 8, 16
4_21_18 11, 3, 7, 15
8_24_00 2, 10, 14, 6, 3, 11, 15, 7
1_28_16 15
8_22_14 9, 1, 5, 13, 10, 2, 6, 14
6_17_02 2, 10, 14, 6, 3, 11
2_6_16 6, 14
7_12_02 4, 12, 16, 8, 9, 1, 5
5_30_02 5, 13, 1, 9, 14
2_31_14 11, 3
6_24_20 12, 4, 8, 16, 9, 1
8_17_00 1, 9, 13, 5, 2, 10, 14, 6
1_3_00 9
5_10_18 12, 4, 8, 16, 9
1_15_02 13
7_24_12 8, 16, 4, 12, 13, 5, 9
6_10_00 3, 11, 15, 7, 16, 8
5_24_08 6, 14, 2, 10, 11
6_5_20 12, 4, 8, 16, 13, 5
7_3_02 2, 10, 14, 6, 11, 3, 7
5_11_04 5, 13, 1, 9, 14
1_24_02 7
2_24_06 1, 9
4_25_04 5, 13, 1, 9
2_29_18 13, 5
5_29_12 10, 2, 6, 14, 7
5_18_18 10, 2, 6, 14, 7
3_3_08 5, 13, 9
8_19_18 10, 2, 6, 14, 11, 3, 7, 15
4_9_10 8, 16, 4, 12
2_20_08 1, 9
1_11_16 3
4_27_08 7, 15, 3, 11
3_16_02 1, 9, 5
3_20_08 1, 9, 5
5_24_20 12, 4, 8, 16, 1
7_22_08 6, 14, 2, 10, 3, 11, 15
4_16_14 11, 3, 7, 15
5_12_00 3, 11, 15, 7, 8
6_29_12 10, 2, 6, 14, 7, 15
4_3_06 4, 12, 16, 8
8_29_00 4, 12, 16, 8, 1, 9, 13, 5
8_21_16 10, 2, 6, 14, 11, 3, 7, 15
8_18_20 11, 3, 7, 15, 12, 4, 8, 16
6_10_14 10, 2, 6, 14, 7, 15
3_31_00 4,12, 8
6_29_02 5, 13, 1, 9, 2, 10
2_16_06 3, 11
8_4_08 5, 13, 1, 9, 6, 14, 2, 10
2_8_02 15, 7
1_15_22 7
3_11_02 4, 12, 8
6_27_22 14, 6, 10, 2, 15, 7
6_18_22 12, 4, 8, 16, 9, 1
7_11_22 14, 6, 10, 2, 7, 15, 3
2_18_08 1, 9
1_17_04 3
1_25_14 10
5_28_10 8, 16, 4, 12, 13
5_30_04 6, 14, 2, 10, 15
4_10_08 7, 15, 3, 11
3_27_14 10, 2, 14
5_1_18 10, 2, 6, 14, 11
7_19_06 4, 12, 16, 8, 13, 5, 9
3_3_00 1, 9, 5
7_8_16 10, 2, 6, 14, 15, 7, 11
3_19_14 8, 16, 12
4_2_16 9, 1, 5, 13
1_13_12 10
8_25_04 5, 13, 1, 9, 6, 14, 2, 10
5_9_08 7, 15, 3, 11, 8
4_11_00 3, 11, 15, 7
4_4_02 2, 10, 14, 6
7_26_20 13, 5, 9, 1, 10, 2, 6
1_17_08 5
2_8_10 3, 11
2_5_18 11, 3
5_3_02 2, 10, 14, 6, 11
7_20_16 9, 1, 5, 13, 14, 6, 10
3_14_04 2, 10, 14
7_25_14 10, 2, 6, 14, 11, 3, 7
6_17_00 1, 9, 13, 5, 2, 10
6_9_06 6, 14, 2, 10, 7, 15
1_15_14 3
6_10_08 7, 15, 3, 11, 4, 12
6_25_12 9, 1, 5, 13, 10, 2
6_31_16 12, 4, 8, 16, 9, 1
5_15_08 8, 16, 4, 12, 13
3_31_16 12, 4, 16
5_25_10 8, 16, 4, 12, 9
5_16_08 8, 16, 4, 12, 9
7_27_18 12, 4, 8, 16, 5, 13, 1
6_22_00 2, 10, 14, 6, 15, 7
8_15_00 4, 12, 16, 8, 1, 9, 13, 5
6_23_16 10, 2, 6, 14, 11, 3
8_30_08 8, 16, 4, 12, 5, 13, 1, 9
5_11_06 6, 14, 2, 10, 15
6_7_10 7, 15, 3, 11, 8, 16
4_10_02 4, 12, 16, 8
3_21_12 8, 16, 4
3_12_14 6, 14, 10
6_15_14 11, 3, 7, 15, 8, 16
5_22_18 11, 3, 7, 15, 8
8_31_16 12, 4, 8, 16, 9, 1, 5, 13
3_12_12 5, 13, 9
7_12_10 8, 16, 4, 12, 13, 5, 9
5_28_18 12, 4, 8, 16, 1
8_26_22 14, 6, 10, 2, 15, 7, 11, 3
2_9_08 7, 15
1_1_20 11
2_17_12 7, 15
2_27_14 10, 2
4_25_12 9, 1, 5, 13
2_5_04 4, 12
2_25_10 8, 16
8_22_12 8, 16, 4, 12, 9, 1, 5, 13
7_5_08 6, 14, 2, 10, 7, 15, 3
8_7_06 5, 13, 1, 9, 6, 14, 2, 10
8_24_08 6, 14, 2, 10, 7, 15, 3, 11
5_4_12 7, 15, 3, 11, 12
6_3_08 5, 13, 1, 9, 6, 14
7_23_20 12, 4, 8, 16, 5, 13, 1
6_4_06 4, 12, 16, 8, 1, 9
8_29_20 14, 6, 10, 2, 11, 3, 7, 15
5_16_12 10, 2, 6, 14, 11
4_1_02 2, 10, 14, 6
4_21_04 4, 12, 16, 8
7_31_06 7, 15, 3, 11, 12, 4, 8
5_14_20 14, 6, 10, 2, 7
1_27_18 4
6_20_20 11, 3, 7, 15, 8, 16
2_9_06 6, 14
1_14_02 1
7_17_02 2, 10, 14, 6, 3, 11, 15
1_2_12 3
2_28_18 8, 16
8_3_08 5, 13, 1, 9, 6, 14, 2, 10
4_1_00 1, 9, 13, 5
1_31_20 6
1_3_14 16
4_6_04 4, 12, 16, 8
7_15_12 10, 2, 6, 14, 15, 7, 11
1_24_12 12
2_29_08 8, 16
7_22_06 5, 13, 1, 9, 2, 10, 14
4_26_00 3, 11, 15, 7
2_4_20 7, 15
6_8_20 12, 4, 8, 16, 9, 1
7_4_12 7, 15, 3, 11, 12, 4, 8
1_13_22 15
6_16_10 9, 1, 5, 13, 2, 10
5_30_00 4, 12, 16, 8, 13
5_13_02 5, 13, 1, 9, 2
4_31_16 12, 4, 8, 16
4_6_06 5, 13, 1, 9
4_27_18 12, 4, 8, 16
6_3_06 4, 12, 16, 8, 5, 13
2_12_00 15, 7
8_3_12 7, 15, 3, 11, 8, 16, 4, 12
1_19_18 2
8_26_16 11, 3, 7, 15, 12, 4, 8, 16
7_25_08 7, 15, 3, 11, 8, 16, 4
2_22_08 2, 10
5_10_06 6, 14, 2, 10, 3
5_23_10 7, 15, 3, 11, 16
1_25_12 9
7_6_18 11, 3, 7, 15, 8, 16, 4
1_9_08 7
5_17_02 2, 10, 14, 6, 3
2_27_02 4, 12
6_31_12 10, 2, 6, 14, 7, 15
4_3_22 12, 4, 8, 16
5_25_04 5, 13, 1, 9, 6
3_25_08 7, 15, 3
7_13_02 5, 13, 1, 9, 2, 10, 14
4_13_16 12, 4, 8, 16
2_30_18 9, 1
8_11_02 4, 12, 16, 8, 5, 13, 1, 9
7_13_18 13, 5, 9, 1, 10, 2, 6
8_3_00 1, 9, 13, 5, 2, 10, 14, 6
7_24_00 2, 10, 14, 6, 7, 15, 3
2_3_12 7, 15
