7_5_04 4, 12, 16, 8, 5, 13, 1
7_26_06 6, 14, 2, 10, 3, 11, 15
4_20_02 2, 10, 14, 6
7_8_00 2, 10, 14, 6, 7, 15, 3
2_21_08 6, 14
4_21_12 8, 16, 4, 12
1_15_10 1
3_28_16 7, 15, 11
7_30_20 14, 6, 10, 2, 7, 15, 3
4_18_08 5, 13, 1, 9
8_11_06 6, 14, 2, 10, 7, 15, 3, 11
6_20_00 1, 9, 13, 5, 14, 6
8_31_18 13, 5, 9, 1, 10, 2, 6, 14
1_19_00 9
1_29_14 11
6_23_14 9, 1, 5, 13, 10, 2
1_27_12 1
5_1_20 11, 3, 7, 15, 12
7_9_16 11, 3, 7, 15, 12, 4, 8
3_14_00 16, 8, 12
8_13_04 6, 14, 2, 10, 3, 11, 15, 7
1_16_06 11
2_5_08 6, 14
3_11_18 12, 4, 16
5_26_12 9, 1, 5, 13, 6
4_16_20 14, 6, 10, 2
4_2_08 5, 13, 1, 9
1_5_06 5
5_9_14 10, 2, 6, 14, 11
3_31_16 12, 4, 16
3_22_08 2, 10, 14
2_7_18 11, 3
3_4_08 1, 9, 5
8_19_18 10, 2, 6, 14, 11, 3, 7, 15
7_21_08 6, 14, 2, 10, 7, 15, 3
6_31_06 7, 15, 3, 11, 4, 12
5_31_16 12, 4, 8, 16, 1
5_6_22 13, 5, 9, 1, 10
6_2_22 12, 4, 8, 16, 9, 1
8_19_06 4, 12, 16, 8, 5, 13, 1, 9
8_4_08 5, 13, 1, 9, 6, 14, 2, 10
3_20_06 16, 8, 4
5_29_02 5, 13, 1, 9, 2
7_4_06 4, 12, 16, 8, 9, 1, 5
6_9_10 8, 16, 4, 12, 9, 1
3_13_18 13, 5, 9
4_19_14 8, 16, 4, 12
8_7_00 2, 10, 14, 6, 3, 11, 15, 7
4_7_20 12, 4, 8, 16
2_8_02 15, 7
8_10_02 4, 12, 16, 8, 5, 13, 1, 9
7_3_02 2, 10, 14, 6, 11, 3, 7
4_8_22 13, 5, 9, 1
6_7_10 7, 15, 3, 11, 8, 16
7_17_04 3, 11, 15, 7, 4, 12, 16
5_7_10 7, 15, 3, 11, 16
6_15_20 14, 6, 10, 2, 11, 3
4_25_12 9, 1, 5, 13
6_16_18 13, 5, 9, 1, 6, 14
6_17_04 3, 11, 15, 7, 4, 12
4_27_18 12, 4, 8, 16
4_4_16 9, 1, 5, 13
6_7_20 12, 4, 8, 16, 13, 5
4_6_18 11, 3, 7, 15
1_26_22 10
1_14_00 16
5_25_06 6, 14, 2, 10, 7
2_16_14 7, 15
1_17_14 8
2_22_16 6, 14
3_21_02 3, 11, 15
3_23_10 7, 15, 11
3_22_16 6, 14, 2
2_12_14 6, 14
1_14_22 11
3_18_22 8, 16, 4
2_19_06 4, 12
8_16_08 8, 16, 4, 12, 5, 13, 1, 9
3_12_04 1, 9, 5
3_9_02 4, 12, 16
5_14_22 15, 7, 11, 3, 8
3_19_06 4, 12, 8
2_17_06 4, 12
1_14_14 7
7_29_00 4, 12, 16, 8, 1, 9, 13
2_13_20 14, 6
7_17_06 4, 12, 16, 8, 5, 13, 1
6_11_10 8, 16, 4, 12, 9, 1
2_19_04 3, 11
2_11_10 8, 16
5_8_22 13, 5, 9, 1, 2
8_5_20 12, 4, 8, 16, 13, 5, 9, 1
2_25_02 4, 12
3_17_06 4, 12, 16
4_12_08 7, 15, 3, 11
5_6_04 4, 12, 16, 8, 1
7_26_02 4, 12, 16, 8, 1, 9, 13
7_22_22 13, 5, 9, 1, 10, 2, 6
5_5_12 8, 16, 4, 12, 9
8_1_18 10, 2, 6, 14, 11, 3, 7, 15
4_22_12 8, 16, 4, 12
4_26_20 13, 5, 9, 1
7_17_20 11, 3, 7, 15, 12, 4, 8
3_17_22 12, 4, 8
6_4_16 9, 1, 5, 13, 6, 14
5_23_10 7, 15, 3, 11, 16
2_5_16 10, 2
7_23_02 3, 11, 15, 7, 12, 4, 8
8_18_14 8, 16, 4, 12, 9, 1, 5, 13
2_30_20 10, 2
1_22_08 2
2_6_14 5, 13
6_3_12 7, 15, 3, 11, 8, 16
6_23_16 10, 2, 6, 14, 11, 3
4_1_08 5, 13, 1, 9
5_18_20 11, 3, 7, 15, 8
1_27_08 15
4_30_10 9, 1, 5, 13
4_19_12 7, 15, 3, 11
4_3_18 10, 2, 6, 14
3_4_18 6, 14, 10
5_22_16 10, 2, 6, 14, 7
1_3_18 2
1_16_22 3
2_23_14 9, 1
1_31_14 3
2_22_22 9, 1
4_14_20 14, 6, 10, 2
5_18_12 7, 15, 3, 11, 4
5_15_04 6, 14, 2, 10, 11
4_4_10 6, 14, 2, 10
4_15_04 6, 14, 2, 10
5_20_18 10, 2, 6, 14, 15
8_22_16 10, 2, 6, 14, 11, 3, 7, 15
7_3_14 8, 16, 4, 12, 1, 9, 13
5_13_10 9, 1, 5, 13, 6
7_3_06 4, 12, 16, 8, 13, 5, 9
2_16_22 11, 3
3_15_20 14, 6, 2
1_30_08 4
4_24_18 11, 3, 7, 15
6_1_00 1, 9, 13, 5, 2, 10
7_23_16 10, 2, 6, 14, 3, 11, 15
7_7_10 7, 15, 3, 11, 16, 8, 12
3_2_16 5, 13, 1
5_21_00 2, 10, 14, 6, 3
5_23_20 12, 4, 8, 16, 5
6_1_20 11, 3, 7, 15, 12, 4
6_19_06 4, 12, 16, 8, 5, 13
8_6_16 10, 2, 6, 14, 11, 3, 7, 15
6_5_22 13, 5, 9, 1, 14, 6
7_16_04 6, 14, 2, 10, 7, 15, 3
1_19_16 1
8_24_02 3, 11, 15, 7, 4, 12, 16, 8
5_27_12 9, 1, 5, 13, 2
5_23_04 4, 12, 16, 8, 13
7_21_14 9, 1, 5, 13, 10, 2, 6
8_5_22 13, 5, 9, 1, 14, 6, 10, 2
5_25_04 5, 13, 1, 9, 6
3_28_02 16, 8, 4
2_25_04 5, 13
1_1_10 6
1_15_00 12
7_11_16 11, 3, 7, 15, 4, 12, 16
8_19_08 5, 13, 1, 9, 6, 14, 2, 10
6_17_12 7, 15, 3, 11, 8, 16
5_29_12 10, 2, 6, 14, 7
7_10_00 3, 11, 15, 7, 16, 8, 12
3_21_14 9, 1, 5
7_30_02 5, 13, 1, 9, 14, 6, 10
6_2_06 4, 12, 16, 8, 1, 9
5_25_02 4, 12, 16, 8, 5
3_13_10 9, 1, 5
4_7_22 13, 5, 9, 1
8_28_08 7, 15, 3, 11, 8, 16, 4, 12
3_31_10 9, 1, 13
7_23_04 4, 12, 16, 8, 13, 5, 9
2_2_10 2, 10
3_25_08 7, 15, 3
5_9_08 7, 15, 3, 11, 8
2_23_22 13, 5
5_26_22 14, 6, 10, 2, 11
8_30_18 13, 5, 9, 1, 10, 2, 6, 14
2_10_22 10, 2
7_7_14 9, 1, 5, 13, 2, 10, 14
2_27_18 12, 4
2_25_10 8, 16
2_30_08 4, 12
4_13_16 12, 4, 8, 16
7_24_06 5, 13, 1, 9, 10, 2, 6
3_16_10 5, 13, 9
8_12_14 10, 2, 6, 14, 11, 3, 7, 15
6_26_20 13, 5, 9, 1, 10, 2
1_7_18 3
4_13_18 13, 5, 9, 1
1_29_22 15
1_9_04 5
4_27_06 6, 14, 2, 10
7_16_06 7, 15, 3, 11, 8, 16, 4
5_23_12 8, 16, 4, 12, 1
5_17_08 5, 13, 1, 9, 6
6_19_20 11, 3, 7, 15, 12, 4
4_7_16 10, 2, 6, 14
5_30_18 13, 5, 9, 1, 6
4_8_14 9, 1, 5, 13
7_9_02 4, 12, 16, 8, 5, 13, 1
7_29_16 12, 4, 8, 16, 9, 1, 5
4_16_18 13, 5, 9, 1
1_28_04 9
4_17_08 5, 13, 1, 9
5_18_10 6, 14, 2, 10, 3
5_18_14 8, 16, 4, 12, 5
1_8_12 12
1_6_20 8
7_4_00 1, 9, 13, 5, 6, 14, 2
4_29_12 10, 2, 6, 14
4_8_20 12, 4, 8, 16
8_5_16 10, 2, 6, 14, 11, 3, 7, 15
1_14_06 3
1_6_06 1
6_16_08 8, 16, 4, 12, 1, 9
4_5_10 7, 15, 3, 11
7_28_08 7, 15, 3, 11, 12, 4, 8
3_11_22 14, 6, 2
1_29_06 7
6_17_06 4, 12, 16, 8, 5, 13
4_3_00 1, 9, 13, 5
5_6_08 6, 14, 2, 10, 3
2_12_20 9, 1
2_26_16 7, 15
2_18_22 8, 16
8_17_00 1, 9, 13, 5, 2, 10, 14, 6
4_31_22 15, 7, 11, 3
6_20_08 5, 13, 1, 9, 2, 10
7_25_06 6, 14, 2, 10, 7, 15, 3
7_10_14 10, 2, 6, 14, 7, 15, 3
4_13_04 6, 14, 2, 10
2_27_06 6, 14
5_18_22 12, 4, 8, 16, 9
2_5_00 2, 10
4_1_16 9, 1, 5, 13
7_6_16 10, 2, 6, 14, 7, 15, 3
7_20_18 10, 2, 6, 14, 15, 7, 11
4_15_06 7, 15, 3, 11
6_20_04 3, 11, 15, 7, 16, 8
2_14_02 1, 9
6_9_06 6, 14, 2, 10, 7, 15
4_1_10 6, 14, 2, 10
6_10_08 7, 15, 3, 11, 4, 12
2_15_02 5, 13
6_31_08 8, 16, 4, 12, 5, 13
3_11_06 6, 14, 10
1_2_08 1
3_18_08 1, 9, 13
6_24_12 8, 16, 4, 12, 5, 13
7_21_18 11, 3, 7, 15, 12, 4, 8
5_20_10 6, 14, 2, 10, 11
5_12_20 13, 5, 9, 1, 2
8_31_12 10, 2, 6, 14, 7, 15, 3, 11
5_7_02 3, 11, 15, 7, 12
4_27_00 3, 11, 15, 7
2_18_04 15, 7
3_10_10 4, 12, 16
1_29_16 12
1_28_16 15
4_7_12 8, 16, 4, 12
6_25_14 10, 2, 6, 14, 11, 3
8_28_14 10, 2, 6, 14, 11, 3, 7, 15
2_14_14 7, 15
5_4_22 12, 4, 8, 16, 1
8_2_06 4, 12, 16, 8, 5, 13, 1, 9
6_27_08 7, 15, 3, 11, 8, 16
1_25_14 10
4_9_00 3, 11, 15, 7
3_22_02 15, 7, 11
3_18_02 14, 6, 10
7_10_08 7, 15, 3, 11, 4, 12, 16
8_24_18 11, 3, 7, 15, 12, 4, 8, 16
8_30_14 11, 3, 7, 15, 8, 16, 4, 12
5_12_22 14, 6, 10, 2, 3
7_11_14 10, 2, 6, 14, 3, 11, 15
4_19_04 3, 11, 15, 7
3_17_14 8, 16, 4
6_27_18 12, 4, 8, 16, 13, 5
4_25_02 4, 12, 16, 8
2_8_22 9, 1
7_7_22 13, 5, 9, 1, 6, 14, 2
7_30_14 11, 3, 7, 15, 4, 12, 16
3_30_08 4, 12, 16
3_19_14 8, 16, 12
5_21_10 7, 15, 3, 11, 8
8_10_14 10, 2, 6, 14, 11, 3, 7, 15
1_21_10 7
3_8_12 4, 12, 8
6_8_10 7, 15, 3, 11, 4, 12
6_15_12 10, 2, 6, 14, 7, 15
4_14_18 13, 5, 9, 1
2_7_20 12, 4
3_3_12 7, 15, 11
7_29_14 11, 3, 7, 15, 8, 16, 4
4_9_18 12, 4, 8, 16
2_18_06 16, 8
1_18_16 5
7_13_06 7, 15, 3, 11, 4, 12, 16
8_5_14 9, 1, 5, 13, 10, 2, 6, 14
8_30_02 5, 13, 1, 9, 2, 10, 14, 6
2_20_10 2, 10
4_9_08 7, 15, 3, 11
8_2_10 6, 14, 2, 10, 7, 15, 3, 11
3_20_14 4, 12, 8
3_23_18 11, 3, 15
7_31_00 4, 12, 16, 8, 9, 1, 5
8_10_20 13, 5, 9, 1, 14, 6, 10, 2
8_27_20 13, 5, 9, 1, 14, 6, 10, 2
4_11_10 8, 16, 4, 12
4_25_06 6, 14, 2, 10
4_14_08 8, 16, 4, 12
6_6_12 8, 16, 4, 12, 5, 13
7_9_04 5, 13, 1, 9, 6, 14, 2
6_7_14 9, 1, 5, 13, 10, 2
2_16_04 2, 10
2_4_12 3, 11
5_21_14 9, 1, 5, 13, 10
2_21_22 13, 5
1_29_00 4
2_3_16 9, 1
8_11_02 4, 12, 16, 8, 5, 13, 1, 9
2_20_12 3, 11
7_3_18 10, 2, 6, 14, 3, 11, 15
7_15_12 10, 2, 6, 14, 15, 7, 11
2_12_12 5, 13
5_28_02 4, 12, 16, 8, 9
2_30_22 11, 3
1_30_22 11
2_16_20 10, 2
8_6_20 12, 4, 8, 16, 13, 5, 9, 1
6_26_06 6, 14, 2, 10, 3, 11
8_3_08 5, 13, 1, 9, 6, 14, 2, 10
4_24_04 4, 12, 16, 8
2_14_08 4, 12
7_27_22 14, 6, 10, 2, 7, 15, 3
2_29_04 6, 14
4_8_16 10, 2, 6, 14
5_3_00 1, 9, 13, 5, 10
1_11_16 3
1_4_08 9
1_22_18 7
6_6_04 4, 12, 16, 8, 1, 9
6_14_18 13, 5, 9, 1, 6, 14
6_11_06 6, 14, 2, 10, 7, 15
3_13_04 6, 14, 2
3_10_02 16, 8, 12
4_11_04 5, 13, 1, 9
8_7_12 8, 16, 4, 12, 9, 1, 5, 13
8_12_10 8, 16, 4, 12, 9, 1, 5, 13
7_13_10 9, 1, 5, 13, 6, 14, 2
1_11_12 1
6_5_06 5, 13, 1, 9, 6, 14
3_2_06 16, 8, 12
6_12_06 6, 14, 2, 10, 3, 11
2_9_06 6, 14
7_8_12 8, 16, 4, 12, 13, 5, 9
1_21_00 2
1_3_20 3
5_19_02 2, 10, 14, 6, 11
4_3_02 2, 10, 14, 6
1_18_22 8
1_17_18 10
7_4_18 10, 2, 6, 14, 15, 7, 11
2_26_06 2, 10
5_10_00 3, 11, 15, 7, 16
5_4_08 5, 13, 1, 9, 10
6_22_02 3, 11, 15, 7, 16, 8
4_13_06 7, 15, 3, 11
1_18_00 13
7_22_16 10, 2, 6, 14, 7, 15, 3
8_17_08 5, 13, 1, 9, 6, 14, 2, 10
2_14_20 10, 2
2_14_00 16, 8
7_24_00 2, 10, 14, 6, 7, 15, 3
4_3_16 9, 1, 5, 13
2_18_08 1, 9
3_7_04 4, 12, 8
3_13_14 11, 3, 7
6_16_20 14, 6, 10, 2, 7, 15
8_4_16 9, 1, 5, 13, 10, 2, 6, 14
3_8_00 14, 6, 2
1_17_06 4
1_25_18 12
1_16_02 9
2_9_02 4, 12
7_5_06 5, 13, 1, 9, 6, 14, 2
2_10_20 9, 1
6_25_08 7, 15, 3, 11, 8, 16
6_28_20 13, 5, 9, 1, 10, 2
3_31_00 4,12, 8
1_11_14 2
5_19_12 7, 15, 3, 11, 16
6_10_20 13, 5, 9, 1, 10, 2
3_14_10 5, 13, 1
1_20_20 15
3_25_22 14, 6, 10
7_10_16 11, 3, 7, 15, 8, 16, 4
2_15_06 7, 15
2_8_20 8, 16
8_19_16 9, 1, 5, 13, 10, 2, 6, 14
8_31_02 5, 13, 1, 9, 2, 10, 14, 6
2_25_22 14, 6
3_19_10 6, 14, 10
4_17_06 4, 12, 16, 8
6_6_20 12, 4, 8, 16, 9, 1
7_23_22 13, 5, 9, 1, 6, 14, 2
1_31_20 6
3_7_18 11, 3, 15
8_4_14 8, 16, 4, 12, 9, 1, 5, 13
4_25_14 10, 2, 6, 14
1_4_18 14
1_23_04 12
7_15_00 4, 12, 16, 8, 9, 1, 5
3_27_16 11, 3, 15
7_15_16 12, 4, 8, 16, 1, 9, 13
5_21_18 11, 3, 7, 15, 12
3_8_06 1, 9, 5
4_23_04 4, 12, 16, 8
7_27_04 5, 13, 1, 9, 14, 6, 10
1_26_06 2
8_18_10 6, 14, 2, 10, 7, 15, 3, 11
8_8_18 11, 3, 7, 15, 12, 4, 8, 16
2_24_14 5, 13
1_5_04 4
2_3_06 4, 12
6_24_10 7, 15, 3, 11, 4, 12
3_2_02 14, 6, 10
8_21_00 2, 10, 14, 6, 3, 11, 15, 7
7_25_10 8, 16, 4, 12, 9, 1, 5
5_5_02 3, 11, 15, 7, 4
8_13_08 8, 16, 4, 12, 5, 13, 1, 9
4_6_14 9, 1, 5, 13
3_23_12 8, 16, 12
7_2_02 2, 10, 14, 6, 15, 7, 11
5_5_20 12, 4, 8, 16, 13
6_2_04 3, 11, 15, 7, 16, 8
8_13_12 10, 2, 6, 14, 7, 15, 3, 11
4_28_02 4, 12, 16, 8
7_7_16 10, 2, 6, 14, 3, 11, 15
5_24_10 7, 15, 3, 11, 12
7_21_02 3, 11, 15, 7, 4, 12, 16
6_26_10 8, 16, 4, 12, 5, 13
7_14_00 4, 12, 16, 8, 13, 5, 9
4_25_16 11, 3, 7, 15
7_30_00 4, 12, 16, 8, 13, 5, 9
4_30_14 11, 3, 7, 15
6_4_00 1, 9, 13, 5, 14, 6
7_2_10 6, 14, 2, 10, 3, 11, 15
1_13_16 12
8_5_02 3, 11, 15, 7, 4, 12, 16, 8
7_20_14 8, 16, 4, 12, 13, 5, 9
6_13_14 11, 3, 7, 15, 8, 16
8_7_22 13, 5, 9, 1, 14, 6, 10, 2
7_4_10 6, 14, 2, 10, 11, 3, 7
2_1_02 2, 10
1_24_18 15
7_10_20 13, 5, 9, 1, 10, 2, 6
3_26_14 6, 14, 2
1_7_10 15
3_13_02 5, 13, 1
5_29_16 12, 4, 8, 16, 9
8_21_02 3, 11, 15, 7, 4, 12, 16, 8
5_10_20 13, 5, 9, 1, 10
8_27_06 6, 14, 2, 10, 7, 15, 3, 11
8_1_08 5, 13, 1, 9, 6, 14, 2, 10
7_25_18 12, 4, 8, 16, 13, 5, 9
3_10_00 15, 7, 11
6_20_02 2, 10, 14, 6, 15, 7
7_14_02 5, 13, 1, 9, 14, 6, 10
1_23_16 2
5_23_18 11, 3, 7, 15, 4
5_11_00 3, 11, 15, 7, 12
5_21_02 3, 11, 15, 7, 4
8_6_02 3, 11, 15, 7, 4, 12, 16, 8
1_29_18 13
7_1_20 11, 3, 7, 15, 12, 4, 8
2_2_06 16, 8
3_12_12 5, 13, 9
4_1_06 4, 12, 16, 8
1_20_14 12
8_16_16 12, 4, 8, 16, 9, 1, 5, 13
2_1_06 4, 12
1_26_12 5
6_2_00 1, 9, 13, 5, 14, 6
1_3_00 9
7_4_04 3, 11, 15, 7, 8, 16, 4
6_26_08 7, 15, 3, 11, 4, 12
1_1_08 5
1_10_22 10
6_30_16 12, 4, 8, 16, 5, 13
6_31_16 12, 4, 8, 16, 9, 1
6_17_16 9, 1, 5, 13, 10, 2
2_4_00 13, 5
4_27_16 11, 3, 7, 15
1_3_10 14
6_5_16 10, 2, 6, 14, 11, 3
1_18_18 6
5_8_02 3, 11, 15, 7, 8
2_5_18 11, 3
3_27_06 6, 14, 10
7_31_04 6, 14, 2, 10, 11, 3, 7
7_31_10 9, 1, 5, 13, 14, 6, 10
1_11_00 11
3_11_12 9, 1, 13
4_10_22 14, 6, 10, 2
6_22_14 9, 1, 5, 13, 6, 14
7_26_12 9, 1, 5, 13, 6, 14, 2
1_31_22 7
6_15_00 4, 12, 16, 8, 1, 9
5_12_16 11, 3, 7, 15, 16
7_15_20 14, 6, 10, 2, 3, 11, 15
7_2_00 1, 9, 13, 5, 14, 6, 10
6_19_22 12, 4, 8, 16, 13, 5
4_6_08 6, 14, 2, 10
2_6_06 1, 9
3_31_12 10, 2, 14
8_25_12 9, 1, 5, 13, 10, 2, 6, 14
8_12_00 3, 11, 15, 7, 4, 12, 16, 8
1_15_22 7
5_9_22 14, 6, 10, 2, 15
4_18_12 7, 15, 3, 11
5_12_00 3, 11, 15, 7, 8
2_13_04 6, 14
1_26_18 8
4_31_02 5, 13, 1, 9
8_15_16 12, 4, 8, 16, 9, 1, 5, 13
5_8_00 2, 10, 14, 6, 7
4_18_20 11, 3, 7, 15
2_7_10 7, 15
5_14_20 14, 6, 10, 2, 7
1_28_00 7
7_4_02 2, 10, 14, 6, 7, 15, 3
3_1_18 10, 2, 6
7_21_10 7, 15, 3, 11, 8, 16, 4
7_2_04 3, 11, 15, 7, 16, 8, 12
3_2_20 7, 15, 3
2_17_12 7, 15
1_20_22 16
7_26_22 14, 6, 10, 2, 11, 3, 7
4_9_22 14, 6, 10, 2
6_12_22 14, 6, 10, 2, 11, 3
8_14_22 15, 7, 11, 3, 12, 4, 8, 16
5_19_06 4, 12, 16, 8, 13
8_4_04 3, 11, 15, 7, 4, 12, 16, 8
8_16_14 11, 3, 7, 15, 8, 16, 4, 12
6_25_00 3, 11, 15, 7, 4, 12
3_22_20 8, 16, 4
5_10_22 14, 6, 10, 2, 11
3_6_10 3, 11, 15
8_15_06 7, 15, 3, 11, 4, 12, 16, 8
3_1_02 2, 10, 14
7_16_22 15, 7, 11, 3, 16, 8, 12
4_4_00 1, 9, 13, 5
7_25_12 9, 1, 5, 13, 10, 2, 6
6_24_22 13, 5, 9, 1, 10, 2
7_17_12 7, 15, 3, 11, 8, 16, 4
2_13_12 10, 2
7_24_10 7, 15, 3, 11, 12, 4, 8
6_16_12 10, 2, 6, 14, 3, 11
6_11_14 10, 2, 6, 14, 11, 3
4_14_10 9, 1, 5, 13
4_2_14 8, 16, 4, 12
5_17_20 11, 3, 7, 15, 12
3_20_16 5, 13, 9
3_4_12 3, 11, 7
7_9_22 14, 6, 10, 2, 15, 7, 11
4_25_22 14, 6, 10, 2
3_20_02 14, 6, 2
8_24_08 6, 14, 2, 10, 7, 15, 3, 11
3_13_20 14, 6, 10
6_5_20 12, 4, 8, 16, 13, 5
6_2_18 10, 2, 6, 14, 7, 15
5_28_22 14, 6, 10, 2, 3
2_6_16 6, 14
7_19_20 11, 3, 7, 15, 4, 12, 16
2_19_22 12, 4
2_19_16 9, 1
7_8_08 6, 14, 2, 10, 11, 3, 7
3_21_06 5, 13, 1
6_14_22 15, 7, 11, 3, 8, 16
6_10_10 8, 16, 4, 12, 5, 13
8_1_06 4, 12, 16, 8, 5, 13, 1, 9
7_8_10 7, 15, 3, 11, 12, 4, 8
2_31_12 10, 2
6_23_10 7, 15, 3, 11, 8, 16
8_21_08 6, 14, 2, 10, 7, 15, 3, 11
6_23_20 12, 4, 8, 16, 13, 5
2_30_12 6, 14
5_31_02 5, 13, 1, 9, 10
2_4_02 14, 6
6_11_22 14, 6, 10, 2, 15, 7
7_19_10 6, 14, 2, 10, 15, 7, 11
1_31_02 13
8_8_08 6, 14, 2, 10, 7, 15, 3, 11
1_3_04 11
8_8_16 10, 2, 6, 14, 11, 3, 7, 15
5_22_02 3, 11, 15, 7, 16
2_24_00 14, 6
2_6_08 2, 10
5_20_06 4, 12, 16, 8, 9
3_7_02 3, 11, 7
4_20_00 1, 9, 13, 5
6_3_22 12, 4, 8, 16, 13, 5
4_26_02 4, 12, 16, 8
1_27_14 2
7_24_12 8, 16, 4, 12, 13, 5, 9
5_8_16 10, 2, 6, 14, 15
7_2_14 8, 16, 4, 12, 5, 13, 1
6_31_18 13, 5, 9, 1, 10, 2
3_28_22 10, 2, 14
8_28_16 11, 3, 7, 15, 12, 4, 8, 16
5_11_16 11, 3, 7, 15, 4
8_2_14 8, 16, 4, 12, 9, 1, 5, 13
2_11_06 6, 14
2_22_18 7, 15
8_27_02 4, 12, 16, 8, 5, 13, 1, 9
8_30_20 14, 6, 10, 2, 11, 3, 7, 15
5_19_00 1, 9, 13, 5, 10
2_10_18 8, 16
2_9_14 10, 2
2_18_10 2, 10
5_21_06 5, 13, 1, 9, 6
2_12_18 8, 16
1_2_12 3
6_16_04 6, 14, 2, 10, 15, 7
7_27_06 6, 14, 2, 10, 15, 7, 11
3_23_14 9, 1, 13
3_12_14 6, 14, 10
8_29_02 5, 13, 1, 9, 2, 10, 14, 6
4_1_22 12, 4, 8, 16
5_8_18 11, 3, 7, 15, 16
8_28_12 9, 1, 5, 13, 10, 2, 6, 14
3_20_00 13, 5, 1
5_20_22 12, 4, 8, 16, 1
7_17_14 8, 16, 4, 12, 9, 1, 5
6_28_10 8, 16, 4, 12, 5, 13
7_17_10 6, 14, 2, 10, 7, 15, 3
4_24_14 9, 1, 5, 13
7_6_04 4, 12, 16, 8, 1, 9, 13
7_3_08 5, 13, 1, 9, 14, 6, 10
1_8_06 9
5_9_04 5, 13, 1, 9, 6
5_3_10 6, 14, 2, 10, 15
3_16_04 2, 10, 6
5_22_04 4, 12, 16, 8, 1
4_21_14 9, 1, 5, 13
8_8_00 2, 10, 14, 6, 3, 11, 15, 7
4_18_00 1, 9, 13, 5
3_4_14 4, 12, 8
2_9_18 12, 4
7_8_06 5, 13, 1, 9, 10, 2, 6
5_13_18 13, 5, 9, 1, 10
3_9_18 12, 4, 8
7_26_18 12, 4, 8, 16, 9, 1, 5
5_14_06 7, 15, 3, 11, 16
7_29_08 8, 16, 4, 12, 5, 13, 1
3_1_00 1, 9, 13
2_6_22 9, 1
1_24_10 11
8_23_08 6, 14, 2, 10, 7, 15, 3, 11
1_2_10 2
7_29_12 10, 2, 6, 14, 7, 15, 3
3_16_00 16, 8, 4
3_7_14 9, 1, 13
2_20_08 1, 9
8_20_22 12, 4, 8, 16, 13, 5, 9, 1
1_28_22 2
3_21_16 10, 2, 6
5_28_16 11, 3, 7, 15, 16
3_4_00 13, 5, 1
8_22_22 13, 5, 9, 1, 14, 6, 10, 2
1_24_02 7
5_10_12 9, 1, 5, 13, 6
8_8_22 13, 5, 9, 1, 14, 6, 10, 2
1_20_10 10
6_14_12 10, 2, 6, 14, 3, 11
4_26_16 11, 3, 7, 15
7_18_20 11, 3, 7, 15, 8, 16, 4
4_25_18 12, 4, 8, 16
3_26_00 15, 7, 11
4_10_18 12, 4, 8, 16
5_23_22 13, 5, 9, 1, 6
7_7_04 4, 12, 16, 8, 13, 5, 9
7_24_22 13, 5, 9, 1, 2, 10, 14
1_9_08 7
1_25_10 8
8_28_20 13, 5, 9, 1, 14, 6, 10, 2
7_12_22 14, 6, 10, 2, 3, 11, 15
2_28_08 3, 11
1_18_04 15
2_23_06 5, 13
6_15_14 11, 3, 7, 15, 8, 16
7_14_10 9, 1, 5, 13, 2, 10, 14
3_13_22 15, 7, 11
2_28_04 1, 9
6_8_20 12, 4, 8, 16, 9, 1
6_18_12 7, 15, 3, 11, 4, 12
2_26_10 4, 12
3_3_22 12, 4, 16
4_2_16 9, 1, 5, 13
7_2_06 4, 12, 16, 8, 1, 9, 13
8_27_10 8, 16, 4, 12, 9, 1, 5, 13
7_8_14 9, 1, 5, 13, 14, 6, 10
4_8_04 4, 12, 16, 8
5_13_12 10, 2, 6, 14, 7
1_25_02 4
7_5_00 2, 10, 14, 6, 3, 11, 15
6_22_06 5, 13, 1, 9, 2, 10
6_30_02 5, 13, 1, 9, 14, 6
5_16_18 13, 5, 9, 1, 14
2_23_18 11, 3
8_31_16 12, 4, 8, 16, 9, 1, 5, 13
1_27_04 13
7_3_04 3, 11, 15, 7, 12, 4, 8
1_28_18 16
7_7_06 5, 13, 1, 9, 14, 6, 10
2_22_10 3, 11
3_11_02 4, 12, 8
1_30_16 8
7_5_02 3, 11, 15, 7, 4, 12, 16
4_22_02 3, 11, 15, 7
8_6_12 8, 16, 4, 12, 9, 1, 5, 13
5_14_18 13, 5, 9, 1, 6
5_16_08 8, 16, 4, 12, 9
4_18_06 4, 12, 16, 8
8_15_12 10, 2, 6, 14, 7, 15, 3, 11
2_26_20 9, 1
3_8_02 15, 7, 3
4_3_06 4, 12, 16, 8
8_19_22 12, 4, 8, 16, 13, 5, 9, 1
2_20_00 13, 5
1_17_20 11
3_8_18 7, 15, 11
7_14_14 11, 3, 7, 15, 4, 12, 16
5_12_06 6, 14, 2, 10, 11
7_10_10 8, 16, 4, 12, 5, 13, 1
5_27_20 13, 5, 9, 1, 6
1_23_14 1
8_6_04 4, 12, 16, 8, 5, 13, 1, 9
8_2_12 7, 15, 3, 11, 8, 16, 4, 12
8_21_22 13, 5, 9, 1, 14, 6, 10, 2
8_7_06 5, 13, 1, 9, 6, 14, 2, 10
6_14_02 5, 13, 1, 9, 14, 6
6_17_00 1, 9, 13, 5, 2, 10
7_18_18 10, 2, 6, 14, 7, 15, 3
3_5_00 2, 10, 14
3_5_20 12, 4, 8
8_8_12 8, 16, 4, 12, 9, 1, 5, 13
6_19_08 5, 13, 1, 9, 6, 14
8_25_20 13, 5, 9, 1, 14, 6, 10, 2
2_13_02 5, 13
8_10_16 11, 3, 7, 15, 12, 4, 8, 16
3_27_20 13, 5, 1
4_24_16 10, 2, 6, 14
5_30_06 7, 15, 3, 11, 16
6_20_20 11, 3, 7, 15, 8, 16
3_24_08 2, 10, 6
6_9_20 13, 5, 9, 1, 14, 6
8_14_06 7, 15, 3, 11, 4, 12, 16, 8
6_4_18 10, 2, 6, 14, 7, 15
4_23_14 9, 1, 5, 13
5_11_18 12, 4, 8, 16, 5
8_5_00 2, 10, 14, 6, 3, 11, 15, 7
6_5_02 3, 11, 15, 7, 4, 12
8_19_14 8, 16, 4, 12, 9, 1, 5, 13
1_24_00 6
7_30_04 6, 14, 2, 10, 15, 7, 11
5_13_14 11, 3, 7, 15, 8
3_3_14 8, 16, 12
5_10_06 6, 14, 2, 10, 3
5_14_10 9, 1, 5, 13, 2
4_2_10 6, 14, 2, 10
4_14_12 10, 2, 6, 14
5_13_22 15, 7, 11, 3, 12
3_11_08 7, 15, 11
5_7_08 6, 14, 2, 10, 15
7_8_16 10, 2, 6, 14, 15, 7, 11
5_14_00 4, 12, 16, 8, 13
8_8_14 9, 1, 5, 13, 10, 2, 6, 14
1_10_06 2
2_31_10 9, 1
5_11_08 7, 15, 3, 11, 16
1_19_14 16
8_11_08 7, 15, 3, 11, 8, 16, 4, 12
1_9_22 14
7_27_16 11, 3, 7, 15, 4, 12, 16
2_27_00 3, 11
4_12_00 3, 11, 15, 7
8_22_00 2, 10, 14, 6, 3, 11, 15, 7
1_21_20 12
5_9_16 11, 3, 7, 15, 12
3_26_12 5, 13, 1
2_29_12 10, 2
2_1_16 9, 1
3_25_06 6, 14, 2
4_19_16 9, 1, 5, 13
7_27_10 8, 16, 4, 12, 1, 9, 13
1_17_04 3
3_12_22 10, 2, 14
4_13_20 14, 6, 10, 2
2_31_06 7, 15
2_22_06 1, 9
1_25_12 9
8_15_08 8, 16, 4, 12, 5, 13, 1, 9
6_6_00 2, 10, 14, 6, 15, 7
1_6_12 4
4_3_04 3, 11, 15, 7
5_30_22 15, 7, 11, 3, 8
6_29_14 11, 3, 7, 15, 8, 16
2_11_20 13, 5
4_10_06 6, 14, 2, 10
5_20_00 1, 9, 13, 5, 6
8_2_20 11, 3, 7, 15, 12, 4, 8, 16
8_3_18 10, 2, 6, 14, 11, 3, 7, 15
3_31_14 11, 3, 15
2_19_18 10, 2
2_19_20 11, 3
7_14_18 13, 5, 9, 1, 6, 14, 2
4_5_04 4, 12, 16, 8
4_21_00 2, 10, 14, 6
3_17_18 10, 2, 6
6_30_12 10, 2, 6, 14, 3, 11
5_20_08 5, 13, 1, 9, 10
1_12_00 7
7_26_00 3, 11, 15, 7, 16, 8, 12
4_11_02 4, 12, 16, 8
4_5_02 3, 11, 15, 7
2_10_06 2, 10
6_23_18 11, 3, 7, 15, 12, 4
8_12_06 6, 14, 2, 10, 7, 15, 3, 11
5_5_14 9, 1, 5, 13, 10
8_3_06 4, 12, 16, 8, 5, 13, 1, 9
4_27_02 4, 12, 16, 8
7_10_04 5, 13, 1, 9, 2, 10, 14
7_9_10 8, 16, 4, 12, 9, 1, 5
5_5_00 2, 10, 14, 6, 3
4_9_10 8, 16, 4, 12
5_24_18 11, 3, 7, 15, 16
2_20_06 16, 8
2_5_12 8, 16
1_1_22 12
6_16_02 5, 13, 1, 9, 14, 6
8_10_12 9, 1, 5, 13, 10, 2, 6, 14
5_6_16 10, 2, 6, 14, 7
7_17_18 10, 2, 6, 14, 11, 3, 7
6_18_02 2, 10, 14, 6, 15, 7
5_21_12 8, 16, 4, 12, 9
2_13_18 13, 5
8_9_22 14, 6, 10, 2, 15, 7, 11, 3
7_16_18 13, 5, 9, 1, 14, 6, 10
8_21_12 8, 16, 4, 12, 9, 1, 5, 13
1_17_22 12
7_15_02 5, 13, 1, 9, 10, 2, 6
5_11_12 9, 1, 5, 13, 2
3_29_00 4,12, 16
7_19_12 7, 15, 3, 11, 16, 8, 12
1_25_16 11
3_23_20 12, 4, 16
6_29_06 7, 15, 3, 11, 4, 12
3_6_14 5, 13, 1
5_16_06 7, 15, 3, 11, 8
4_9_12 9, 1, 5, 13
4_17_14 8, 16, 4, 12
6_25_18 12, 4, 8, 16, 13, 5
3_27_04 5, 13, 9
6_9_04 5, 13, 1, 9, 6, 14
5_4_12 7, 15, 3, 11, 12
1_26_04 1
4_25_00 3, 11, 15, 7
5_1_06 4, 12, 16, 8, 5
4_28_12 9, 1, 5, 13
6_17_10 6, 14, 2, 10, 7, 15
7_14_20 14, 6, 10, 2, 7, 15, 3
3_3_20 11, 3, 15
2_6_00 14, 6
5_11_06 6, 14, 2, 10, 15
8_18_20 11, 3, 7, 15, 12, 4, 8, 16
6_20_10 6, 14, 2, 10, 3, 11
7_25_02 4, 12, 16, 8, 5, 13, 1
7_26_10 8, 16, 4, 12, 5, 13, 1
5_2_00 1, 9, 13, 5, 14
8_19_02 2, 10, 14, 6, 3, 11, 15, 7
6_18_10 6, 14, 2, 10, 3, 11
1_16_16 16
3_8_20 8, 16, 12
